TITLE = "FUNC"
VARIABLES = "X", "F"
ZONE I=1001, F=POINT
0.0000000000000e+000 -1.#IND000000000e+000
1.0000000000000e-003 -1.7803019198604e+000
2.0000000000000e-003 -1.7779140873320e+000
3.0000000000000e-003 -1.7755253023037e+000
4.0000000000000e-003 -1.7731355655499e+000
5.0000000000000e-003 -1.7707448778450e+000
6.0000000000000e-003 -1.7683532399730e+000
7.0000000000000e-003 -1.7659606527167e+000
8.0000000000000e-003 -1.7635671168682e+000
9.0000000000000e-003 -1.7611726332237e+000
1.0000000000000e-002 -1.7587772025839e+000
1.1000000000000e-002 -1.7563808257504e+000
1.2000000000000e-002 -1.7539835035336e+000
1.3000000000000e-002 -1.7515852367460e+000
1.4000000000000e-002 -1.7491860262068e+000
1.5000000000000e-002 -1.7467858727412e+000
1.6000000000000e-002 -1.7443847771744e+000
1.7000000000000e-002 -1.7419827403387e+000
1.8000000000000e-002 -1.7395797630698e+000
1.9000000000000e-002 -1.7371758462147e+000
2.0000000000000e-002 -1.7347709906163e+000
2.1000000000000e-002 -1.7323651971262e+000
2.2000000000000e-002 -1.7299584665987e+000
2.3000000000000e-002 -1.7275507998971e+000
2.4000000000000e-002 -1.7251421978850e+000
2.5000000000000e-002 -1.7227326614339e+000
2.6000000000000e-002 -1.7203221914185e+000
2.7000000000000e-002 -1.7179107887162e+000
2.8000000000000e-002 -1.7154984542118e+000
2.9000000000000e-002 -1.7130851887971e+000
3.0000000000000e-002 -1.7106709933631e+000
3.1000000000000e-002 -1.7082558688080e+000
3.2000000000000e-002 -1.7058398160377e+000
3.3000000000000e-002 -1.7034228359561e+000
3.4000000000000e-002 -1.7010049294810e+000
3.5000000000000e-002 -1.6985860975269e+000
3.6000000000000e-002 -1.6961663410170e+000
3.7000000000000e-002 -1.6937456608799e+000
3.8000000000000e-002 -1.6913240580456e+000
3.9000000000000e-002 -1.6889015334539e+000
4.0000000000000e-002 -1.6864780880433e+000
4.1000000000000e-002 -1.6840537227608e+000
4.2000000000000e-002 -1.6816284385596e+000
4.3000000000000e-002 -1.6792022363972e+000
4.4000000000000e-002 -1.6767751172302e+000
4.5000000000000e-002 -1.6743470820277e+000
4.6000000000000e-002 -1.6719181317582e+000
4.7000000000000e-002 -1.6694882673999e+000
4.8000000000000e-002 -1.6670574899335e+000
4.9000000000000e-002 -1.6646258003407e+000
5.0000000000000e-002 -1.6621931996169e+000
5.1000000000000e-002 -1.6597596887512e+000
5.2000000000000e-002 -1.6573252687503e+000
5.3000000000000e-002 -1.6548899406131e+000
5.4000000000000e-002 -1.6524537053518e+000
5.5000000000000e-002 -1.6500165639832e+000
5.6000000000000e-002 -1.6475785175257e+000
5.7000000000000e-002 -1.6451395670011e+000
5.8000000000000e-002 -1.6426997134434e+000
5.9000000000000e-002 -1.6402589578839e+000
6.0000000000000e-002 -1.6378173013615e+000
6.1000000000000e-002 -1.6353747449230e+000
6.2000000000000e-002 -1.6329312896157e+000
6.3000000000000e-002 -1.6304869364961e+000
6.4000000000000e-002 -1.6280416866220e+000
6.5000000000000e-002 -1.6255955410557e+000
6.6000000000000e-002 -1.6231485008668e+000
6.7000000000000e-002 -1.6207005671318e+000
6.8000000000000e-002 -1.6182517409276e+000
6.9000000000000e-002 -1.6158020233400e+000
7.0000000000000e-002 -1.6133514154548e+000
7.1000000000000e-002 -1.6108999183666e+000
7.2000000000000e-002 -1.6084475331781e+000
7.3000000000000e-002 -1.6059942609878e+000
7.4000000000000e-002 -1.6035401029099e+000
7.5000000000000e-002 -1.6010850600539e+000
7.6000000000000e-002 -1.5986291335408e+000
7.7000000000000e-002 -1.5961723244962e+000
7.8000000000000e-002 -1.5937146340456e+000
7.9000000000000e-002 -1.5912560633240e+000
8.0000000000000e-002 -1.5887966134706e+000
8.1000000000000e-002 -1.5863362856300e+000
8.2000000000000e-002 -1.5838750809511e+000
8.3000000000000e-002 -1.5814130005872e+000
8.4000000000000e-002 -1.5789500456973e+000
8.5000000000000e-002 -1.5764862174459e+000
8.6000000000000e-002 -1.5740215170023e+000
8.7000000000000e-002 -1.5715559455407e+000
8.8000000000000e-002 -1.5690895042388e+000
8.9000000000000e-002 -1.5666221942845e+000
9.0000000000000e-002 -1.5641540168636e+000
9.1000000000000e-002 -1.5616849731729e+000
9.2000000000000e-002 -1.5592150644110e+000
9.3000000000000e-002 -1.5567442917828e+000
9.4000000000000e-002 -1.5542726564954e+000
9.5000000000000e-002 -1.5518001597673e+000
9.6000000000000e-002 -1.5493268028158e+000
9.7000000000000e-002 -1.5468525868674e+000
9.8000000000000e-002 -1.5443775131510e+000
9.9000000000000e-002 -1.5419015829007e+000
1.0000000000000e-001 -1.5394247973578e+000
1.0100000000000e-001 -1.5369471577684e+000
1.0200000000000e-001 -1.5344686653821e+000
1.0300000000000e-001 -1.5319893214542e+000
1.0400000000000e-001 -1.5295091272441e+000
1.0500000000000e-001 -1.5270280840179e+000
1.0600000000000e-001 -1.5245461930473e+000
1.0700000000000e-001 -1.5220634556079e+000
1.0800000000000e-001 -1.5195798729789e+000
1.0900000000000e-001 -1.5170954464498e+000
1.1000000000000e-001 -1.5146101773093e+000
1.1100000000000e-001 -1.5121240668543e+000
1.1200000000000e-001 -1.5096371163850e+000
1.1300000000000e-001 -1.5071493272092e+000
1.1400000000000e-001 -1.5046607006379e+000
1.1500000000000e-001 -1.5021712379888e+000
1.1600000000000e-001 -1.4996809405824e+000
1.1700000000000e-001 -1.4971898097472e+000
1.1800000000000e-001 -1.4946978468129e+000
1.1900000000000e-001 -1.4922050531196e+000
1.2000000000000e-001 -1.4897114300081e+000
1.2100000000000e-001 -1.4872169788248e+000
1.2200000000000e-001 -1.4847217009251e+000
1.2300000000000e-001 -1.4822255976658e+000
1.2400000000000e-001 -1.4797286704080e+000
1.2500000000000e-001 -1.4772309205227e+000
1.2600000000000e-001 -1.4747323493807e+000
1.2700000000000e-001 -1.4722329583613e+000
1.2800000000000e-001 -1.4697327488484e+000
1.2900000000000e-001 -1.4672317222298e+000
1.3000000000000e-001 -1.4647298799001e+000
1.3100000000000e-001 -1.4622272232585e+000
1.3200000000000e-001 -1.4597237537071e+000
1.3300000000000e-001 -1.4572194726569e+000
1.3400000000000e-001 -1.4547143815221e+000
1.3500000000000e-001 -1.4522084817221e+000
1.3600000000000e-001 -1.4497017746800e+000
1.3700000000000e-001 -1.4471942618269e+000
1.3800000000000e-001 -1.4446859445988e+000
1.3900000000000e-001 -1.4421768244346e+000
1.4000000000000e-001 -1.4396669027790e+000
1.4100000000000e-001 -1.4371561810834e+000
1.4200000000000e-001 -1.4346446608025e+000
1.4300000000000e-001 -1.4321323433989e+000
1.4400000000000e-001 -1.4296192303364e+000
1.4500000000000e-001 -1.4271053230851e+000
1.4600000000000e-001 -1.4245906231236e+000
1.4700000000000e-001 -1.4220751319316e+000
1.4800000000000e-001 -1.4195588509952e+000
1.4900000000000e-001 -1.4170417818068e+000
1.5000000000000e-001 -1.4145239258613e+000
1.5100000000000e-001 -1.4120052846651e+000
1.5200000000000e-001 -1.4094858597207e+000
1.5300000000000e-001 -1.4069656525427e+000
1.5400000000000e-001 -1.4044446646466e+000
1.5500000000000e-001 -1.4019228975559e+000
1.5600000000000e-001 -1.3994003527974e+000
1.5700000000000e-001 -1.3968770319045e+000
1.5800000000000e-001 -1.3943529364160e+000
1.5900000000000e-001 -1.3918280678726e+000
1.6000000000000e-001 -1.3893024278239e+000
1.6100000000000e-001 -1.3867760178232e+000
1.6200000000000e-001 -1.3842488394271e+000
1.6300000000000e-001 -1.3817208942014e+000
1.6400000000000e-001 -1.3791921837143e+000
1.6500000000000e-001 -1.3766627095395e+000
1.6600000000000e-001 -1.3741324732551e+000
1.6700000000000e-001 -1.3716014764442e+000
1.6800000000000e-001 -1.3690697206977e+000
1.6900000000000e-001 -1.3665372076092e+000
1.7000000000000e-001 -1.3640039387787e+000
1.7100000000000e-001 -1.3614699158082e+000
1.7200000000000e-001 -1.3589351403092e+000
1.7300000000000e-001 -1.3563996138972e+000
1.7400000000000e-001 -1.3538633381914e+000
1.7500000000000e-001 -1.3513263148153e+000
1.7600000000000e-001 -1.3487885454020e+000
1.7700000000000e-001 -1.3462500315837e+000
1.7800000000000e-001 -1.3437107750021e+000
1.7900000000000e-001 -1.3411707773017e+000
1.8000000000000e-001 -1.3386300401322e+000
1.8100000000000e-001 -1.3360885651504e+000
1.8200000000000e-001 -1.3335463540167e+000
1.8300000000000e-001 -1.3310034083980e+000
1.8400000000000e-001 -1.3284597299617e+000
1.8500000000000e-001 -1.3259153203872e+000
1.8600000000000e-001 -1.3233701813531e+000
1.8700000000000e-001 -1.3208243145457e+000
1.8800000000000e-001 -1.3182777216568e+000
1.8900000000000e-001 -1.3157304043819e+000
1.9000000000000e-001 -1.3131823644212e+000
1.9100000000000e-001 -1.3106336034826e+000
1.9200000000000e-001 -1.3080841232762e+000
1.9300000000000e-001 -1.3055339255194e+000
1.9400000000000e-001 -1.3029830119323e+000
1.9500000000000e-001 -1.3004313842405e+000
1.9600000000000e-001 -1.2978790441782e+000
1.9700000000000e-001 -1.2953259934809e+000
1.9800000000000e-001 -1.2927722338892e+000
1.9900000000000e-001 -1.2902177671488e+000
2.0000000000000e-001 -1.2876625950135e+000
2.0100000000000e-001 -1.2851067192382e+000
2.0200000000000e-001 -1.2825501415845e+000
2.0300000000000e-001 -1.2799928638183e+000
2.0400000000000e-001 -1.2774348877119e+000
2.0500000000000e-001 -1.2748762150416e+000
2.0600000000000e-001 -1.2723168475886e+000
2.0700000000000e-001 -1.2697567871407e+000
2.0800000000000e-001 -1.2671960354872e+000
2.0900000000000e-001 -1.2646345944273e+000
2.1000000000000e-001 -1.2620724657592e+000
2.1100000000000e-001 -1.2595096512914e+000
2.1200000000000e-001 -1.2569461528348e+000
2.1300000000000e-001 -1.2543819722053e+000
2.1400000000000e-001 -1.2518171112247e+000
2.1500000000000e-001 -1.2492515717174e+000
2.1600000000000e-001 -1.2466853555156e+000
2.1700000000000e-001 -1.2441184644557e+000
2.1800000000000e-001 -1.2415509003774e+000
2.1900000000000e-001 -1.2389826651280e+000
2.2000000000000e-001 -1.2364137605568e+000
2.2100000000000e-001 -1.2338441885198e+000
2.2200000000000e-001 -1.2312739508774e+000
2.2300000000000e-001 -1.2287030494955e+000
2.2400000000000e-001 -1.2261314862427e+000
2.2500000000000e-001 -1.2235592629969e+000
2.2600000000000e-001 -1.2209863816356e+000
2.2700000000000e-001 -1.2184128440464e+000
2.2800000000000e-001 -1.2158386521165e+000
2.2900000000000e-001 -1.2132638077409e+000
2.3000000000000e-001 -1.2106883128183e+000
2.3100000000000e-001 -1.2081121692544e+000
2.3200000000000e-001 -1.2055353789583e+000
2.3300000000000e-001 -1.2029579438438e+000
2.3400000000000e-001 -1.2003798658290e+000
2.3500000000000e-001 -1.1978011468365e+000
2.3600000000000e-001 -1.1952217887962e+000
2.3700000000000e-001 -1.1926417936403e+000
2.3800000000000e-001 -1.1900611633057e+000
2.3900000000000e-001 -1.1874798997363e+000
2.4000000000000e-001 -1.1848980048791e+000
2.4100000000000e-001 -1.1823154806855e+000
2.4200000000000e-001 -1.1797323291129e+000
2.4300000000000e-001 -1.1771485521228e+000
2.4400000000000e-001 -1.1745641516833e+000
2.4500000000000e-001 -1.1719791297611e+000
2.4600000000000e-001 -1.1693934883354e+000
2.4700000000000e-001 -1.1668072293869e+000
2.4800000000000e-001 -1.1642203548979e+000
2.4900000000000e-001 -1.1616328668596e+000
2.5000000000000e-001 -1.1590447672684e+000
2.5100000000000e-001 -1.1564560581203e+000
2.5200000000000e-001 -1.1538667414217e+000
2.5300000000000e-001 -1.1512768191791e+000
2.5400000000000e-001 -1.1486862934049e+000
2.5500000000000e-001 -1.1460951661199e+000
2.5600000000000e-001 -1.1435034393444e+000
2.5700000000000e-001 -1.1409111151052e+000
2.5800000000000e-001 -1.1383181954334e+000
2.5900000000000e-001 -1.1357246823666e+000
2.6000000000000e-001 -1.1331305779445e+000
2.6100000000000e-001 -1.1305358842130e+000
2.6200000000000e-001 -1.1279406032215e+000
2.6300000000000e-001 -1.1253447370245e+000
2.6400000000000e-001 -1.1227482876801e+000
2.6500000000000e-001 -1.1201512572528e+000
2.6600000000000e-001 -1.1175536478105e+000
2.6700000000000e-001 -1.1149554614260e+000
2.6800000000000e-001 -1.1123567001753e+000
2.6900000000000e-001 -1.1097573661394e+000
2.7000000000000e-001 -1.1071574614053e+000
2.7100000000000e-001 -1.1045569880632e+000
2.7200000000000e-001 -1.1019559482075e+000
2.7300000000000e-001 -1.0993543439384e+000
2.7400000000000e-001 -1.0967521773581e+000
2.7500000000000e-001 -1.0941494505761e+000
2.7600000000000e-001 -1.0915461657044e+000
2.7700000000000e-001 -1.0889423248603e+000
2.7800000000000e-001 -1.0863379301651e+000
2.7900000000000e-001 -1.0837329837445e+000
2.8000000000000e-001 -1.0811274877283e+000
2.8100000000000e-001 -1.0785214442504e+000
2.8200000000000e-001 -1.0759148554506e+000
2.8300000000000e-001 -1.0733077234707e+000
2.8400000000000e-001 -1.0707000504595e+000
2.8500000000000e-001 -1.0680918385674e+000
2.8600000000000e-001 -1.0654830899515e+000
2.8700000000000e-001 -1.0628738067707e+000
2.8800000000000e-001 -1.0602639911906e+000
2.8900000000000e-001 -1.0576536453798e+000
2.9000000000000e-001 -1.0550427715117e+000
2.9100000000000e-001 -1.0524313717636e+000
2.9200000000000e-001 -1.0498194483169e+000
2.9300000000000e-001 -1.0472070033566e+000
2.9400000000000e-001 -1.0445940390723e+000
2.9500000000000e-001 -1.0419805576590e+000
2.9600000000000e-001 -1.0393665613152e+000
2.9700000000000e-001 -1.0367520522421e+000
2.9800000000000e-001 -1.0341370326468e+000
2.9900000000000e-001 -1.0315215047402e+000
3.0000000000000e-001 -1.0289054707366e+000
3.0100000000000e-001 -1.0262889328539e+000
3.0200000000000e-001 -1.0236718933166e+000
3.0300000000000e-001 -1.0210543543518e+000
3.0400000000000e-001 -1.0184363181901e+000
3.0500000000000e-001 -1.0158177870652e+000
3.0600000000000e-001 -1.0131987632179e+000
3.0700000000000e-001 -1.0105792488903e+000
3.0800000000000e-001 -1.0079592463300e+000
3.0900000000000e-001 -1.0053387577882e+000
3.1000000000000e-001 -1.0027177855199e+000
3.1100000000000e-001 -1.0000963317834e+000
3.1200000000000e-001 -9.9747439884268e-001
3.1300000000000e-001 -9.9485198896432e-001
3.1400000000000e-001 -9.9222910441876e-001
3.1500000000000e-001 -9.8960574748119e-001
3.1600000000000e-001 -9.8698192043034e-001
3.1700000000000e-001 -9.8435762554838e-001
3.1800000000000e-001 -9.8173286512293e-001
3.1900000000000e-001 -9.7910764144216e-001
3.2000000000000e-001 -9.7648195680089e-001
3.2100000000000e-001 -9.7385581349707e-001
3.2200000000000e-001 -9.7122921383230e-001
3.2300000000000e-001 -9.6860216011097e-001
3.2400000000000e-001 -9.6597465464332e-001
3.2500000000000e-001 -9.6334669974174e-001
3.2600000000000e-001 -9.6071829772315e-001
3.2700000000000e-001 -9.5808945090703e-001
3.2800000000000e-001 -9.5546016161874e-001
3.2900000000000e-001 -9.5283043218553e-001
3.3000000000000e-001 -9.5020026493853e-001
3.3100000000000e-001 -9.4756966221277e-001
3.3200000000000e-001 -9.4493862634670e-001
3.3300000000000e-001 -9.4230715968302e-001
3.3400000000000e-001 -9.3967526456751e-001
3.3500000000000e-001 -9.3704294334973e-001
3.3600000000000e-001 -9.3441019838159e-001
3.3700000000000e-001 -9.3177703202174e-001
3.3800000000000e-001 -9.2914344662831e-001
3.3900000000000e-001 -9.2650944456674e-001
3.4000000000000e-001 -9.2387502820335e-001
3.4100000000000e-001 -9.2124019990814e-001
3.4200000000000e-001 -9.1860496205709e-001
3.4300000000000e-001 -9.1596931702576e-001
3.4400000000000e-001 -9.1333326719578e-001
3.4500000000000e-001 -9.1069681495215e-001
3.4600000000000e-001 -9.0805996268195e-001
3.4700000000000e-001 -9.0542271277749e-001
3.4800000000000e-001 -9.0278506763164e-001
3.4900000000000e-001 -9.0014702964336e-001
3.5000000000000e-001 -8.9750860121407e-001
3.5100000000000e-001 -8.9486978474795e-001
3.5200000000000e-001 -8.9223058265320e-001
3.5300000000000e-001 -8.8959099734076e-001
3.5400000000000e-001 -8.8695103122494e-001
3.5500000000000e-001 -8.8431068672368e-001
3.5600000000000e-001 -8.8166996625805e-001
3.5700000000000e-001 -8.7902887225089e-001
3.5800000000000e-001 -8.7638740713092e-001
3.5900000000000e-001 -8.7374557332831e-001
3.6000000000000e-001 -8.7110337327501e-001
3.6100000000000e-001 -8.6846080941005e-001
3.6200000000000e-001 -8.6581788417250e-001
3.6300000000000e-001 -8.6317460000451e-001
3.6400000000000e-001 -8.6053095935257e-001
3.6500000000000e-001 -8.5788696466593e-001
3.6600000000000e-001 -8.5524261839753e-001
3.6700000000000e-001 -8.5259792300019e-001
3.6800000000000e-001 -8.4995288093459e-001
3.6900000000000e-001 -8.4730749466022e-001
3.7000000000000e-001 -8.4466176664322e-001
3.7100000000000e-001 -8.4201569934839e-001
3.7200000000000e-001 -8.3936929524675e-001
3.7300000000000e-001 -8.3672255680989e-001
3.7400000000000e-001 -8.3407548651526e-001
3.7500000000000e-001 -8.3142808684067e-001
3.7600000000000e-001 -8.2878036026823e-001
3.7700000000000e-001 -8.2613230928119e-001
3.7800000000000e-001 -8.2348393636833e-001
3.7900000000000e-001 -8.2083524401788e-001
3.8000000000000e-001 -8.1818623472263e-001
3.8100000000000e-001 -8.1553691097935e-001
3.8200000000000e-001 -8.1288727528506e-001
3.8300000000000e-001 -8.1023733014102e-001
3.8400000000000e-001 -8.0758707805056e-001
3.8500000000000e-001 -8.0493652152092e-001
3.8600000000000e-001 -8.0228566305957e-001
3.8700000000000e-001 -7.9963450517923e-001
3.8800000000000e-001 -7.9698305039405e-001
3.8900000000000e-001 -7.9433130121920e-001
3.9000000000000e-001 -7.9167926017581e-001
3.9100000000000e-001 -7.8902692978416e-001
3.9200000000000e-001 -7.8637431257039e-001
3.9300000000000e-001 -7.8372141105998e-001
3.9400000000000e-001 -7.8106822778318e-001
3.9500000000000e-001 -7.7841476527135e-001
3.9600000000000e-001 -7.7576102605864e-001
3.9700000000000e-001 -7.7310701268229e-001
3.9800000000000e-001 -7.7045272768184e-001
3.9900000000000e-001 -7.6779817359790e-001
4.0000000000000e-001 -7.6514335297517e-001
4.0100000000000e-001 -7.6248826835917e-001
4.0200000000000e-001 -7.5983292229925e-001
4.0300000000000e-001 -7.5717731734509e-001
4.0400000000000e-001 -7.5452145605059e-001
4.0500000000000e-001 -7.5186534097110e-001
4.0600000000000e-001 -7.4920897466441e-001
4.0700000000000e-001 -7.4655235968962e-001
4.0800000000000e-001 -7.4389549860981e-001
4.0900000000000e-001 -7.4123839398960e-001
4.1000000000000e-001 -7.3858104839358e-001
4.1100000000000e-001 -7.3592346439222e-001
4.1200000000000e-001 -7.3326564455434e-001
4.1300000000000e-001 -7.3060759145432e-001
4.1400000000000e-001 -7.2794930766590e-001
4.1500000000000e-001 -7.2529079576611e-001
4.1600000000000e-001 -7.2263205833339e-001
4.1700000000000e-001 -7.1997309794997e-001
4.1800000000000e-001 -7.1731391719720e-001
4.1900000000000e-001 -7.1465451866026e-001
4.2000000000000e-001 -7.1199490492679e-001
4.2100000000000e-001 -7.0933507858401e-001
4.2200000000000e-001 -7.0667504222288e-001
4.2300000000000e-001 -7.0401479843707e-001
4.2400000000000e-001 -7.0135434981955e-001
4.2500000000000e-001 -6.9869369896658e-001
4.2600000000000e-001 -6.9603284847597e-001
4.2700000000000e-001 -6.9337180094819e-001
4.2800000000000e-001 -6.9071055898329e-001
4.2900000000000e-001 -6.8804912518516e-001
4.3000000000000e-001 -6.8538750215880e-001
4.3100000000000e-001 -6.8272569251010e-001
4.3200000000000e-001 -6.8006369884793e-001
4.3300000000000e-001 -6.7740152378276e-001
4.3400000000000e-001 -6.7473916992467e-001
4.3500000000000e-001 -6.7207663988805e-001
4.3600000000000e-001 -6.6941393628750e-001
4.3700000000000e-001 -6.6675106173747e-001
4.3800000000000e-001 -6.6408801885831e-001
4.3900000000000e-001 -6.6142481026737e-001
4.4000000000000e-001 -6.5876143858634e-001
4.4100000000000e-001 -6.5609790643706e-001
4.4200000000000e-001 -6.5343421644359e-001
4.4300000000000e-001 -6.5077037123040e-001
4.4400000000000e-001 -6.4810637342466e-001
4.4500000000000e-001 -6.4544222565399e-001
4.4600000000000e-001 -6.4277793054673e-001
4.4700000000000e-001 -6.4011349073545e-001
4.4800000000000e-001 -6.3744890885059e-001
4.4900000000000e-001 -6.3478418752488e-001
4.5000000000000e-001 -6.3211932939417e-001
4.5100000000000e-001 -6.2945433709249e-001
4.5200000000000e-001 -6.2678921325710e-001
4.5300000000000e-001 -6.2412396052697e-001
4.5400000000000e-001 -6.2145858154056e-001
4.5500000000000e-001 -6.1879307893820e-001
4.5600000000000e-001 -6.1612745536094e-001
4.5700000000000e-001 -6.1346171345267e-001
4.5800000000000e-001 -6.1079585585572e-001
4.5900000000000e-001 -6.0812988521519e-001
4.6000000000000e-001 -6.0546380417653e-001
4.6100000000000e-001 -6.0279761538706e-001
4.6200000000000e-001 -6.0013132149395e-001
4.6300000000000e-001 -5.9746492514529e-001
4.6400000000000e-001 -5.9479842899174e-001
4.6500000000000e-001 -5.9213183568341e-001
4.6600000000000e-001 -5.8946514787084e-001
4.6700000000000e-001 -5.8679836820802e-001
4.6800000000000e-001 -5.8413149934644e-001
4.6900000000000e-001 -5.8146454394026e-001
4.7000000000000e-001 -5.7879750464412e-001
4.7100000000000e-001 -5.7613038411386e-001
4.7200000000000e-001 -5.7346318500551e-001
4.7300000000000e-001 -5.7079590997505e-001
4.7400000000000e-001 -5.6812856168093e-001
4.7500000000000e-001 -5.6546114278061e-001
4.7600000000000e-001 -5.6279365593426e-001
4.7700000000000e-001 -5.6012610379985e-001
4.7800000000000e-001 -5.5745848903838e-001
4.7900000000000e-001 -5.5479081431070e-001
4.8000000000000e-001 -5.5212308227753e-001
4.8100000000000e-001 -5.4945529560113e-001
4.8200000000000e-001 -5.4678745694325e-001
4.8300000000000e-001 -5.4411956896688e-001
4.8400000000000e-001 -5.4145163433578e-001
4.8500000000000e-001 -5.3878365571275e-001
4.8600000000000e-001 -5.3611563576239e-001
4.8700000000000e-001 -5.3344757714763e-001
4.8800000000000e-001 -5.3077948253627e-001
4.8900000000000e-001 -5.2811135459102e-001
4.9000000000000e-001 -5.2544319597791e-001
4.9100000000000e-001 -5.2277500936276e-001
4.9200000000000e-001 -5.2010679741143e-001
4.9300000000000e-001 -5.1743856279041e-001
4.9400000000000e-001 -5.1477030816582e-001
4.9500000000000e-001 -5.1210203620494e-001
4.9600000000000e-001 -5.0943374957363e-001
4.9700000000000e-001 -5.0676545093964e-001
4.9800000000000e-001 -5.0409714296984e-001
4.9900000000000e-001 -5.0142882833143e-001
5.0000000000000e-001 -4.9876050969122e-001
5.0100000000000e-001 -4.9609218971736e-001
5.0200000000000e-001 -4.9342387107582e-001
5.0300000000000e-001 -4.9075555643541e-001
5.0400000000000e-001 -4.8808724846305e-001
5.0500000000000e-001 -4.8541894982512e-001
5.0600000000000e-001 -4.8275066318976e-001
5.0700000000000e-001 -4.8008239122355e-001
5.0800000000000e-001 -4.7741413659408e-001
5.0900000000000e-001 -4.7474590196744e-001
5.1000000000000e-001 -4.7207769001062e-001
5.1100000000000e-001 -4.6940950339019e-001
5.1200000000000e-001 -4.6674134477209e-001
5.1300000000000e-001 -4.6407321682290e-001
5.1400000000000e-001 -4.6140512220783e-001
5.1500000000000e-001 -4.5873706359206e-001
5.1600000000000e-001 -4.5606904364193e-001
5.1700000000000e-001 -4.5340106502156e-001
5.1800000000000e-001 -4.5073313039479e-001
5.1900000000000e-001 -4.4806524242685e-001
5.2000000000000e-001 -4.4539740378058e-001
5.2100000000000e-001 -4.4272961712027e-001
5.2200000000000e-001 -4.4006188510726e-001
5.2300000000000e-001 -4.3739421040501e-001
5.2400000000000e-001 -4.3472659567456e-001
5.2500000000000e-001 -4.3205904357829e-001
5.2600000000000e-001 -4.2939155677585e-001
5.2700000000000e-001 -4.2672413792766e-001
5.2800000000000e-001 -4.2405678969326e-001
5.2900000000000e-001 -4.2138951473158e-001
5.3000000000000e-001 -4.1872231570167e-001
5.3100000000000e-001 -4.1605519526039e-001
5.3200000000000e-001 -4.1338815606468e-001
5.3300000000000e-001 -4.1072120077101e-001
5.3400000000000e-001 -4.0805433203511e-001
5.3500000000000e-001 -4.0538755251135e-001
5.3600000000000e-001 -4.0272086485410e-001
5.3700000000000e-001 -4.0005427171558e-001
5.3800000000000e-001 -3.9738777574905e-001
5.3900000000000e-001 -3.9472137960572e-001
5.4000000000000e-001 -3.9205508593620e-001
5.4100000000000e-001 -3.8938889738971e-001
5.4200000000000e-001 -3.8672281661517e-001
5.4300000000000e-001 -3.8405684626036e-001
5.4400000000000e-001 -3.8139098897266e-001
5.4500000000000e-001 -3.7872524739752e-001
5.4600000000000e-001 -3.7605962417914e-001
5.4700000000000e-001 -3.7339412196175e-001
5.4800000000000e-001 -3.7072874338789e-001
5.4900000000000e-001 -3.6806349109908e-001
5.5000000000000e-001 -3.6539836773586e-001
5.5100000000000e-001 -3.6273337593712e-001
5.5200000000000e-001 -3.6006851834136e-001
5.5300000000000e-001 -3.5740379758614e-001
5.5400000000000e-001 -3.5473921630624e-001
5.5500000000000e-001 -3.5207477713650e-001
5.5600000000000e-001 -3.4941048271014e-001
5.5700000000000e-001 -3.4674633565918e-001
5.5800000000000e-001 -3.4408233861438e-001
5.5900000000000e-001 -3.4141849420549e-001
5.6000000000000e-001 -3.3875480505963e-001
5.6100000000000e-001 -3.3609127380424e-001
5.6200000000000e-001 -3.3342790306440e-001
5.6300000000000e-001 -3.3076469546339e-001
5.6400000000000e-001 -3.2810165362412e-001
5.6500000000000e-001 -3.2543878016750e-001
5.6600000000000e-001 -3.2277607771275e-001
5.6700000000000e-001 -3.2011354887751e-001
5.6800000000000e-001 -3.1745119627863e-001
5.6900000000000e-001 -3.1478902253129e-001
5.7000000000000e-001 -3.1212703024791e-001
5.7100000000000e-001 -3.0946522204078e-001
5.7200000000000e-001 -3.0680360051938e-001
5.7300000000000e-001 -3.0414216829239e-001
5.7400000000000e-001 -3.0148092796656e-001
5.7500000000000e-001 -2.9881988214736e-001
5.7600000000000e-001 -2.9615903343722e-001
5.7700000000000e-001 -2.9349838443826e-001
5.7800000000000e-001 -2.9083793775014e-001
5.7900000000000e-001 -2.8817769597128e-001
5.8000000000000e-001 -2.8551766169710e-001
5.8100000000000e-001 -2.8285783752335e-001
5.8200000000000e-001 -2.8019822604169e-001
5.8300000000000e-001 -2.7753882984277e-001
5.8400000000000e-001 -2.7487965151601e-001
5.8500000000000e-001 -2.7222069364785e-001
5.8600000000000e-001 -2.6956195882344e-001
5.8700000000000e-001 -2.6690344962577e-001
5.8800000000000e-001 -2.6424516863560e-001
5.8900000000000e-001 -2.6158711843227e-001
5.9000000000000e-001 -2.5892930159288e-001
5.9100000000000e-001 -2.5627172069193e-001
5.9200000000000e-001 -2.5361437830296e-001
5.9300000000000e-001 -2.5095727699648e-001
5.9400000000000e-001 -2.4830041934126e-001
5.9500000000000e-001 -2.4564380790409e-001
5.9600000000000e-001 -2.4298744524887e-001
5.9700000000000e-001 -2.4033133393780e-001
5.9800000000000e-001 -2.3767547653175e-001
5.9900000000000e-001 -2.3501987558755e-001
6.0000000000000e-001 -2.3236453366177e-001
6.0100000000000e-001 -2.2970945330664e-001
6.0200000000000e-001 -2.2705463707434e-001
6.0300000000000e-001 -2.2440008751323e-001
6.0400000000000e-001 -2.2174580716966e-001
6.0500000000000e-001 -2.1909179858687e-001
6.0600000000000e-001 -2.1643806430821e-001
6.0700000000000e-001 -2.1378460687221e-001
6.0800000000000e-001 -2.1113142881579e-001
6.0900000000000e-001 -2.0847853267364e-001
6.1000000000000e-001 -2.0582592097751e-001
6.1100000000000e-001 -2.0317359625693e-001
6.1200000000000e-001 -2.0052156103978e-001
6.1300000000000e-001 -1.9786981784958e-001
6.1400000000000e-001 -1.9521836920933e-001
6.1500000000000e-001 -1.9256721763800e-001
6.1600000000000e-001 -1.8991636565280e-001
6.1700000000000e-001 -1.8726581576789e-001
6.1800000000000e-001 -1.8461557049498e-001
6.1900000000000e-001 -1.8196563234335e-001
6.2000000000000e-001 -1.7931600381915e-001
6.2100000000000e-001 -1.7666668742666e-001
6.2200000000000e-001 -1.7401768566599e-001
6.2300000000000e-001 -1.7136900103648e-001
6.2400000000000e-001 -1.6872063603379e-001
6.2500000000000e-001 -1.6607259315021e-001
6.2600000000000e-001 -1.6342487487625e-001
6.2700000000000e-001 -1.6077748369908e-001
6.2800000000000e-001 -1.5813042210316e-001
6.2900000000000e-001 -1.5548369257057e-001
6.3000000000000e-001 -1.5283729757931e-001
6.3100000000000e-001 -1.5019123960613e-001
6.3200000000000e-001 -1.4754552112395e-001
6.3300000000000e-001 -1.4490014460217e-001
6.3400000000000e-001 -1.4225511250893e-001
6.3500000000000e-001 -1.3961042730815e-001
6.3600000000000e-001 -1.3696609146135e-001
6.3700000000000e-001 -1.3432210742675e-001
6.3800000000000e-001 -1.3167847765938e-001
6.3900000000000e-001 -1.2903520461183e-001
6.4000000000000e-001 -1.2639229073319e-001
6.4100000000000e-001 -1.2374973846990e-001
6.4200000000000e-001 -1.2110755026462e-001
6.4300000000000e-001 -1.1846572855800e-001
6.4400000000000e-001 -1.1582427578644e-001
6.4500000000000e-001 -1.1318319438414e-001
6.4600000000000e-001 -1.1054248678144e-001
6.4700000000000e-001 -1.0790215540579e-001
6.4800000000000e-001 -1.0526220268131e-001
6.4900000000000e-001 -1.0262263102906e-001
6.5000000000000e-001 -9.9983442867380e-002
6.5100000000000e-001 -9.7344640610231e-002
6.5200000000000e-001 -9.4706226669350e-002
6.5300000000000e-001 -9.2068203453033e-002
6.5400000000000e-001 -8.9430573365301e-002
6.5500000000000e-001 -8.6793338807623e-002
6.5600000000000e-001 -8.4156502178301e-002
6.5700000000000e-001 -8.1520065872198e-002
6.5800000000000e-001 -7.8884032280180e-002
6.5900000000000e-001 -7.6248403790724e-002
6.6000000000000e-001 -7.3613182788257e-002
6.6100000000000e-001 -7.0978371653985e-002
6.6200000000000e-001 -6.8343972765783e-002
6.6300000000000e-001 -6.5709988497142e-002
6.6400000000000e-001 -6.3076421219888e-002
6.6500000000000e-001 -6.0443273300681e-002
6.6600000000000e-001 -5.7810547103243e-002
6.6700000000000e-001 -5.5178244988019e-002
6.6800000000000e-001 -5.2546369311901e-002
6.6900000000000e-001 -4.9914922427563e-002
6.7000000000000e-001 -4.7283906685014e-002
6.7100000000000e-001 -4.4653324429877e-002
6.7200000000000e-001 -4.2023178004946e-002
6.7300000000000e-001 -3.9393469748961e-002
6.7400000000000e-001 -3.6764201996775e-002
6.7500000000000e-001 -3.4135377080025e-002
6.7600000000000e-001 -3.1506997326791e-002
6.7700000000000e-001 -2.8879065060439e-002
6.7800000000000e-001 -2.6251582602332e-002
6.7900000000000e-001 -2.3624552268731e-002
6.8000000000000e-001 -2.0997976372228e-002
6.8100000000000e-001 -1.8371857222532e-002
6.8200000000000e-001 -1.5746197125299e-002
6.8300000000000e-001 -1.3120998381633e-002
6.8400000000000e-001 -1.0496263289583e-002
6.8500000000000e-001 -7.8719941432603e-003
6.8600000000000e-001 -5.2481932329429e-003
6.8700000000000e-001 -2.6248628454684e-003
6.8800000000000e-001 -2.0052622895506e-006
6.8900000000000e-001 2.6203772371391e-003
6.9000000000000e-001 5.2422823782483e-003
6.9100000000000e-001 7.8637078901322e-003
6.9200000000000e-001 1.0484651505882e-002
6.9300000000000e-001 1.3105110962919e-002
6.9400000000000e-001 1.5725084001439e-002
6.9500000000000e-001 1.8344568366802e-002
6.9600000000000e-001 2.0963561807641e-002
6.9700000000000e-001 2.3582062077199e-002
6.9800000000000e-001 2.6200066932158e-002
6.9900000000000e-001 2.8817574133255e-002
7.0000000000000e-001 3.1434581445333e-002
7.0100000000000e-001 3.4051086637510e-002
7.0200000000000e-001 3.6667087482678e-002
7.0300000000000e-001 3.9282581758004e-002
7.0400000000000e-001 4.1897567244875e-002
7.0500000000000e-001 4.4512041727895e-002
7.0600000000000e-001 4.7126002997555e-002
7.0700000000000e-001 4.9739448846620e-002
7.0800000000000e-001 5.2352377073017e-002
7.0900000000000e-001 5.4964785478062e-002
7.1000000000000e-001 5.7576671868231e-002
7.1100000000000e-001 6.0188034053499e-002
7.1200000000000e-001 6.2798869848613e-002
7.1300000000000e-001 6.5409177071762e-002
7.1400000000000e-001 6.8018953546078e-002
7.1500000000000e-001 7.0628197098521e-002
7.1600000000000e-001 7.3236905559826e-002
7.1700000000000e-001 7.5845076766334e-002
7.1800000000000e-001 7.8452708557275e-002
7.1900000000000e-001 8.1059798777483e-002
7.2000000000000e-001 8.3666345274624e-002
7.2100000000000e-001 8.6272345901639e-002
7.2200000000000e-001 8.8877798515574e-002
7.2300000000000e-001 9.1482700977696e-002
7.2400000000000e-001 9.4087051153602e-002
7.2500000000000e-001 9.6690846913383e-002
7.2600000000000e-001 9.9294086131907e-002
7.2700000000000e-001 1.0189676668743e-001
7.2800000000000e-001 1.0449888646358e-001
7.2900000000000e-001 1.0710044334772e-001
7.3000000000000e-001 1.0970143523165e-001
7.3100000000000e-001 1.1230186001210e-001
7.3200000000000e-001 1.1490171558981e-001
7.3300000000000e-001 1.1750099987046e-001
7.3400000000000e-001 1.2009971076349e-001
7.3500000000000e-001 1.2269784618335e-001
7.3600000000000e-001 1.2529540404832e-001
7.3700000000000e-001 1.2789238228295e-001
7.3800000000000e-001 1.3048877881322e-001
7.3900000000000e-001 1.3308459157224e-001
7.4000000000000e-001 1.3567981849671e-001
7.4100000000000e-001 1.3827445752784e-001
7.4200000000000e-001 1.4086850661194e-001
7.4300000000000e-001 1.4346196369874e-001
7.4400000000000e-001 1.4605482674390e-001
7.4500000000000e-001 1.4864709370649e-001
7.4600000000000e-001 1.5123876255069e-001
7.4700000000000e-001 1.5382983124573e-001
7.4800000000000e-001 1.5642029776419e-001
7.4900000000000e-001 1.5901016008474e-001
7.5000000000000e-001 1.6159941618943e-001
7.5100000000000e-001 1.6418806406560e-001
7.5200000000000e-001 1.6677610170518e-001
7.5300000000000e-001 1.6936352710517e-001
7.5400000000000e-001 1.7195033826600e-001
7.5500000000000e-001 1.7453653319360e-001
7.5600000000000e-001 1.7712210989884e-001
7.5700000000000e-001 1.7970706639675e-001
7.5800000000000e-001 1.8229140070736e-001
7.5900000000000e-001 1.8487511085519e-001
7.6000000000000e-001 1.8745819486943e-001
7.6100000000000e-001 1.9004065078460e-001
7.6200000000000e-001 1.9262247663909e-001
7.6300000000000e-001 1.9520367047710e-001
7.6400000000000e-001 1.9778423034622e-001
7.6500000000000e-001 2.0036415429986e-001
7.6600000000000e-001 2.0294344039584e-001
7.6700000000000e-001 2.0552208669661e-001
7.6800000000000e-001 2.0810009126943e-001
7.6900000000000e-001 2.1067745218678e-001
7.7000000000000e-001 2.1325416752538e-001
7.7100000000000e-001 2.1583023536725e-001
7.7200000000000e-001 2.1840565379927e-001
7.7300000000000e-001 2.2098042091201e-001
7.7400000000000e-001 2.2355453480261e-001
7.7500000000000e-001 2.2612799357175e-001
7.7600000000000e-001 2.2870079532550e-001
7.7700000000000e-001 2.3127293817432e-001
7.7800000000000e-001 2.3384442023439e-001
7.7900000000000e-001 2.3641523962575e-001
7.8000000000000e-001 2.3898539447392e-001
7.8100000000000e-001 2.4155488290950e-001
7.8200000000000e-001 2.4412370306753e-001
7.8300000000000e-001 2.4669185308768e-001
7.8400000000000e-001 2.4925933111530e-001
7.8500000000000e-001 2.5182613530011e-001
7.8600000000000e-001 2.5439226379703e-001
7.8700000000000e-001 2.5695771476558e-001
7.8800000000000e-001 2.5952248637062e-001
7.8900000000000e-001 2.6208657678123e-001
7.9000000000000e-001 2.6464998417258e-001
7.9100000000000e-001 2.6721270672347e-001
7.9200000000000e-001 2.6977474261852e-001
7.9300000000000e-001 2.7233609004729e-001
7.9400000000000e-001 2.7489674720393e-001
7.9500000000000e-001 2.7745671228746e-001
7.9600000000000e-001 2.8001598350225e-001
7.9700000000000e-001 2.8257455905806e-001
7.9800000000000e-001 2.8513243716832e-001
7.9900000000000e-001 2.8768961605280e-001
8.0000000000000e-001 2.9024609393530e-001
8.0100000000000e-001 2.9280186904529e-001
8.0200000000000e-001 2.9535693961663e-001
8.0300000000000e-001 2.9791130388873e-001
8.0400000000000e-001 3.0046496010605e-001
8.0500000000000e-001 3.0301790651749e-001
8.0600000000000e-001 3.0557014137750e-001
8.0700000000000e-001 3.0812166294547e-001
8.0800000000000e-001 3.1067246948552e-001
8.0900000000000e-001 3.1322255926725e-001
8.1000000000000e-001 3.1577193056476e-001
8.1100000000000e-001 3.1832058165771e-001
8.1200000000000e-001 3.2086851083063e-001
8.1300000000000e-001 3.2341571637312e-001
8.1400000000000e-001 3.2596219657965e-001
8.1500000000000e-001 3.2850794975015e-001
8.1600000000000e-001 3.3105297418906e-001
8.1700000000000e-001 3.3359726820642e-001
8.1800000000000e-001 3.3614083011713e-001
8.1900000000000e-001 3.3868365824119e-001
8.2000000000000e-001 3.4122575090345e-001
8.2100000000000e-001 3.4376710643441e-001
8.2200000000000e-001 3.4630772316924e-001
8.2300000000000e-001 3.4884759944781e-001
8.2400000000000e-001 3.5138673361584e-001
8.2500000000000e-001 3.5392512402405e-001
8.2600000000000e-001 3.5646276902790e-001
8.2700000000000e-001 3.5899966698788e-001
8.2800000000000e-001 3.6153581627019e-001
8.2900000000000e-001 3.6407121524618e-001
8.3000000000000e-001 3.6660586229070e-001
8.3100000000000e-001 3.6913975578601e-001
8.3200000000000e-001 3.7167289411738e-001
8.3300000000000e-001 3.7420527567728e-001
8.3400000000000e-001 3.7673689886136e-001
8.3500000000000e-001 3.7926776207214e-001
8.3600000000000e-001 3.8179786371556e-001
8.3700000000000e-001 3.8432720220405e-001
8.3800000000000e-001 3.8685577595449e-001
8.3900000000000e-001 3.8938358338908e-001
8.4000000000000e-001 3.9191062293498e-001
8.4100000000000e-001 3.9443689302482e-001
8.4200000000000e-001 3.9696239209636e-001
8.4300000000000e-001 3.9948711859189e-001
8.4400000000000e-001 4.0201107095950e-001
8.4500000000000e-001 4.0453424765230e-001
8.4600000000000e-001 4.0705664712842e-001
8.4700000000000e-001 4.0957826785104e-001
8.4800000000000e-001 4.1209910828871e-001
8.4900000000000e-001 4.1461916691488e-001
8.5000000000000e-001 4.1713844220875e-001
8.5100000000000e-001 4.1965693265406e-001
8.5200000000000e-001 4.2217463673938e-001
8.5300000000000e-001 4.2469155295966e-001
8.5400000000000e-001 4.2720767981347e-001
8.5500000000000e-001 4.2972301580563e-001
8.5600000000000e-001 4.3223755944616e-001
8.5700000000000e-001 4.3475130924969e-001
8.5800000000000e-001 4.3726426373575e-001
8.5900000000000e-001 4.3977642142989e-001
8.6000000000000e-001 4.4228778086264e-001
8.6100000000000e-001 4.4479834056899e-001
8.6200000000000e-001 4.4730809909016e-001
8.6300000000000e-001 4.4981705497110e-001
8.6400000000000e-001 4.5232520676314e-001
8.6500000000000e-001 4.5483255302264e-001
8.6600000000000e-001 4.5733909231033e-001
8.6700000000000e-001 4.5984482319283e-001
8.6800000000000e-001 4.6234974424170e-001
8.6900000000000e-001 4.6485385403394e-001
8.7000000000000e-001 4.6735715115087e-001
8.7100000000000e-001 4.6985963418006e-001
8.7200000000000e-001 4.7236130171330e-001
8.7300000000000e-001 4.7486215234832e-001
8.7400000000000e-001 4.7736218468758e-001
8.7500000000000e-001 4.7986139733819e-001
8.7600000000000e-001 4.8235978891353e-001
8.7700000000000e-001 4.8485735803133e-001
8.7800000000000e-001 4.8735410331491e-001
8.7900000000000e-001 4.8985002339236e-001
8.8000000000000e-001 4.9234511689694e-001
8.8100000000000e-001 4.9483938246764e-001
8.8200000000000e-001 4.9733281874803e-001
8.8300000000000e-001 4.9982542438676e-001
8.8400000000000e-001 5.0231719803789e-001
8.8500000000000e-001 5.0480813836062e-001
8.8600000000000e-001 5.0729824401924e-001
8.8700000000000e-001 5.0978751368319e-001
8.8800000000000e-001 5.1227594602693e-001
8.8900000000000e-001 5.1476353973051e-001
8.9000000000000e-001 5.1725029347843e-001
8.9100000000000e-001 5.1973620596074e-001
8.9200000000000e-001 5.2222127587270e-001
8.9300000000000e-001 5.2470550191419e-001
8.9400000000000e-001 5.2718888279057e-001
8.9500000000000e-001 5.2967141721283e-001
8.9600000000000e-001 5.3215310389593e-001
8.9700000000000e-001 5.3463394156134e-001
8.9800000000000e-001 5.3711392893419e-001
8.9900000000000e-001 5.3959306474577e-001
9.0000000000000e-001 5.4207134773238e-001
9.0100000000000e-001 5.4454877663485e-001
9.0200000000000e-001 5.4702535019963e-001
9.0300000000000e-001 5.4950106717805e-001
9.0400000000000e-001 5.5197592632666e-001
9.0500000000000e-001 5.5444992640741e-001
9.0600000000000e-001 5.5692306618660e-001
9.0700000000000e-001 5.5939534443622e-001
9.0800000000000e-001 5.6186675993319e-001
9.0900000000000e-001 5.6433731145950e-001
9.1000000000000e-001 5.6680699780215e-001
9.1100000000000e-001 5.6927581775351e-001
9.1200000000000e-001 5.7174377011049e-001
9.1300000000000e-001 5.7421085367565e-001
9.1400000000000e-001 5.7667706725645e-001
9.1500000000000e-001 5.7914240966506e-001
9.1600000000000e-001 5.8160687971914e-001
9.1700000000000e-001 5.8407047624143e-001
9.1800000000000e-001 5.8653319805968e-001
9.1900000000000e-001 5.8899504400617e-001
9.2000000000000e-001 5.9145601291927e-001
9.2100000000000e-001 5.9391610364135e-001
9.2200000000000e-001 5.9637531502049e-001
9.2300000000000e-001 5.9883364590962e-001
9.2400000000000e-001 6.0129109516655e-001
9.2500000000000e-001 6.0374766165450e-001
9.2600000000000e-001 6.0620334424116e-001
9.2700000000000e-001 6.0865814179994e-001
9.2800000000000e-001 6.1111205320885e-001
9.2900000000000e-001 6.1356507735083e-001
9.3000000000000e-001 6.1601721311405e-001
9.3100000000000e-001 6.1846845939184e-001
9.3200000000000e-001 6.2091881508203e-001
9.3300000000000e-001 6.2336827908782e-001
9.3400000000000e-001 6.2581685031721e-001
9.3500000000000e-001 6.2826452768355e-001
9.3600000000000e-001 6.3071131010478e-001
9.3700000000000e-001 6.3315719650403e-001
9.3800000000000e-001 6.3560218580933e-001
9.3900000000000e-001 6.3804627695380e-001
9.4000000000000e-001 6.4048946887563e-001
9.4100000000000e-001 6.4293176051744e-001
9.4200000000000e-001 6.4537315082736e-001
9.4300000000000e-001 6.4781363875860e-001
9.4400000000000e-001 6.5025322326839e-001
9.4500000000000e-001 6.5269190331996e-001
9.4600000000000e-001 6.5512967788089e-001
9.4700000000000e-001 6.5756654592397e-001
9.4800000000000e-001 6.6000250642706e-001
9.4900000000000e-001 6.6243755837220e-001
9.5000000000000e-001 6.6487170074708e-001
9.5100000000000e-001 6.6730493254408e-001
9.5200000000000e-001 6.6973725276043e-001
9.5300000000000e-001 6.7216866039838e-001
9.5400000000000e-001 6.7459915446488e-001
9.5500000000000e-001 6.7702873397207e-001
9.5600000000000e-001 6.7945739793668e-001
9.5700000000000e-001 6.8188514538048e-001
9.5800000000000e-001 6.8431197533031e-001
9.5900000000000e-001 6.8673788681750e-001
9.6000000000000e-001 6.8916287887838e-001
9.6100000000000e-001 6.9158695055438e-001
9.6200000000000e-001 6.9401010089143e-001
9.6300000000000e-001 6.9643232894046e-001
9.6400000000000e-001 6.9885363375721e-001
9.6500000000000e-001 7.0127401440229e-001
9.6600000000000e-001 7.0369346994120e-001
9.6700000000000e-001 7.0611199944426e-001
9.6800000000000e-001 7.0852960198647e-001
9.6900000000000e-001 7.1094627664786e-001
9.7000000000000e-001 7.1336202251310e-001
9.7100000000000e-001 7.1577683867158e-001
9.7200000000000e-001 7.1819072421775e-001
9.7300000000000e-001 7.2060367825061e-001
9.7400000000000e-001 7.2301569987415e-001
9.7500000000000e-001 7.2542678819693e-001
9.7600000000000e-001 7.2783694233258e-001
9.7700000000000e-001 7.3024616139916e-001
9.7800000000000e-001 7.3265444451953e-001
9.7900000000000e-001 7.3506179082150e-001
9.8000000000000e-001 7.3746819943754e-001
9.8100000000000e-001 7.3987366950468e-001
9.8200000000000e-001 7.4227820016487e-001
9.8300000000000e-001 7.4468179056486e-001
9.8400000000000e-001 7.4708443985599e-001
9.8500000000000e-001 7.4948614719422e-001
9.8600000000000e-001 7.5188691174050e-001
9.8700000000000e-001 7.5428673266020e-001
9.8800000000000e-001 7.5668560912351e-001
9.8900000000000e-001 7.5908354030524e-001
9.9000000000000e-001 7.6148052538499e-001
9.9100000000000e-001 7.6387656354693e-001
9.9200000000000e-001 7.6627165397997e-001
9.9300000000000e-001 7.6866579587753e-001
9.9400000000000e-001 7.7105898843782e-001
9.9500000000000e-001 7.7345123086364e-001
9.9600000000000e-001 7.7584252236229e-001
9.9700000000000e-001 7.7823286214607e-001
9.9800000000000e-001 7.8062224943154e-001
9.9900000000000e-001 7.8301068344006e-001
1.0000000000000e+000 7.8539816339751e-001
