#X Y
0.0000000000000e+000 1.0000000000000e+000
2.0000000000000e-003 1.0096951238196e+000
4.0000000000000e-003 1.0192220691435e+000
6.0000000000000e-003 1.0285805071095e+000
8.0000000000000e-003 1.0377699653109e+000
1.0000000000000e-002 1.0467898353981e+000
1.2000000000000e-002 1.0556393806069e+000
1.4000000000000e-002 1.0643177432066e+000
1.6000000000000e-002 1.0728239518682e+000
1.8000000000000e-002 1.0811569289520e+000
2.0000000000000e-002 1.0893154977149e+000
2.2000000000000e-002 1.0972983894393e+000
2.4000000000000e-002 1.1051042504830e+000
2.6000000000000e-002 1.1127316492490e+000
2.8000000000000e-002 1.1201790830765e+000
3.0000000000000e-002 1.1274449850489e+000
3.2000000000000e-002 1.1345277307190e+000
3.4000000000000e-002 1.1414256447471e+000
3.6000000000000e-002 1.1481370074511e+000
3.8000000000000e-002 1.1546600612642e+000
4.0000000000000e-002 1.1609930170987e+000
4.2000000000000e-002 1.1671340606118e+000
4.4000000000000e-002 1.1730813583705e+000
4.6000000000000e-002 1.1788330639140e+000
4.8000000000000e-002 1.1843873237088e+000
5.0000000000000e-002 1.1897422829948e+000
5.2000000000000e-002 1.1948960915196e+000
5.4000000000000e-002 1.1998469091579e+000
5.6000000000000e-002 1.2045929114136e+000
5.8000000000000e-002 1.2091322948025e+000
6.0000000000000e-002 1.2134632821120e+000
6.2000000000000e-002 1.2175841275374e+000
6.4000000000000e-002 1.2214931216906e+000
6.6000000000000e-002 1.2251885964802e+000
6.8000000000000e-002 1.2286689298610e+000
7.0000000000000e-002 1.2319325504505e+000
7.2000000000000e-002 1.2349779420109e+000
7.4000000000000e-002 1.2378036477943e+000
7.6000000000000e-002 1.2404082747512e+000
7.8000000000000e-002 1.2427904975984e+000
8.0000000000000e-002 1.2449490627465e+000
8.2000000000000e-002 1.2468827920857e+000
8.4000000000000e-002 1.2485905866277e+000
8.6000000000000e-002 1.2500714300037e+000
8.8000000000000e-002 1.2513243918172e+000
9.0000000000000e-002 1.2523486308502e+000
9.2000000000000e-002 1.2531433981232e+000
9.4000000000000e-002 1.2537080398068e+000
9.6000000000000e-002 1.2540419999866e+000
9.8000000000000e-002 1.2541448232783e+000
1.0000000000000e-001 1.2540161572952e+000
1.0200000000000e-001 1.2536557549663e+000
1.0400000000000e-001 1.2530634767053e+000
1.0600000000000e-001 1.2522392924317e+000
1.0800000000000e-001 1.2511832834419e+000
1.1000000000000e-001 1.2498956441324e+000
1.1200000000000e-001 1.2483766835752e+000
1.1400000000000e-001 1.2466268269455e+000
1.1600000000000e-001 1.2446466168013e+000
1.1800000000000e-001 1.2424367142187e+000
1.2000000000000e-001 1.2399978997794e+000
1.2200000000000e-001 1.2373310744158e+000
1.2400000000000e-001 1.2344372601102e+000
1.2600000000000e-001 1.2313176004538e+000
1.2800000000000e-001 1.2279733610621e+000
1.3000000000000e-001 1.2244059298526e+000
1.3200000000000e-001 1.2206168171817e+000
1.3400000000000e-001 1.2166076558462e+000
1.3600000000000e-001 1.2123802009483e+000
1.3800000000000e-001 1.2079363296273e+000
1.4000000000000e-001 1.2032780406586e+000
1.4200000000000e-001 1.1984074539233e+000
1.4400000000000e-001 1.1933268097490e+000
1.4600000000000e-001 1.1880384681243e+000
1.4800000000000e-001 1.1825449077894e+000
1.5000000000000e-001 1.1768487252045e+000
1.5200000000000e-001 1.1709526333992e+000
1.5400000000000e-001 1.1648594607028e+000
1.5600000000000e-001 1.1585721493620e+000
1.5800000000000e-001 1.1520937540437e+000
1.6000000000000e-001 1.1454274402297e+000
1.6200000000000e-001 1.1385764825027e+000
1.6400000000000e-001 1.1315442627283e+000
1.6600000000000e-001 1.1243342681346e+000
1.6800000000000e-001 1.1169500892927e+000
1.7000000000000e-001 1.1093954180006e+000
1.7200000000000e-001 1.1016740450735e+000
1.7400000000000e-001 1.0937898580435e+000
1.7600000000000e-001 1.0857468387717e+000
1.7800000000000e-001 1.0775490609752e+000
1.8000000000000e-001 1.0692006876725e+000
1.8200000000000e-001 1.0607059685502e+000
1.8400000000000e-001 1.0520692372548e+000
1.8600000000000e-001 1.0432949086107e+000
1.8800000000000e-001 1.0343874757702e+000
1.9000000000000e-001 1.0253515072966e+000
1.9200000000000e-001 1.0161916441848e+000
1.9400000000000e-001 1.0069125968218e+000
1.9600000000000e-001 9.9751914189100e-001
1.9800000000000e-001 9.8801611922298e-001
2.0000000000000e-001 9.7840842859632e-001
2.0200000000000e-001 9.6870102649166e-001
2.0400000000000e-001 9.5889892280214e-001
2.0600000000000e-001 9.4900717750355e-001
2.0800000000000e-001 9.3903089728738e-001
2.1000000000000e-001 9.2897523216003e-001
2.1200000000000e-001 9.1884537201149e-001
2.1400000000000e-001 9.0864654315648e-001
2.1600000000000e-001 8.9838400485153e-001
2.1800000000000e-001 8.8806304579098e-001
2.2000000000000e-001 8.7768898058516e-001
2.2200000000000e-001 8.6726714622388e-001
2.2400000000000e-001 8.5680289852834e-001
2.2600000000000e-001 8.4630160859457e-001
2.2800000000000e-001 8.3576865923147e-001
2.3000000000000e-001 8.2520944139641e-001
2.3200000000000e-001 8.1462935063161e-001
2.3400000000000e-001 8.0403378350397e-001
2.3600000000000e-001 7.9342813405149e-001
2.3800000000000e-001 7.8281779023917e-001
2.4000000000000e-001 7.7220813042709e-001
2.4200000000000e-001 7.6160451985367e-001
2.4400000000000e-001 7.5101230713669e-001
2.4600000000000e-001 7.4043682079498e-001
2.4800000000000e-001 7.2988336579324e-001
2.5000000000000e-001 7.1935722011283e-001
2.5200000000000e-001 7.0886363135088e-001
2.5400000000000e-001 6.9840781335039e-001
2.5600000000000e-001 6.8799494286374e-001
2.5800000000000e-001 6.7763015625198e-001
2.6000000000000e-001 6.6731854622224e-001
2.6200000000000e-001 6.5706515860566e-001
2.6400000000000e-001 6.4687498917794e-001
2.6600000000000e-001 6.3675298052465e-001
2.6800000000000e-001 6.2670401895366e-001
2.7000000000000e-001 6.1673293145637e-001
2.7200000000000e-001 6.0684448272003e-001
2.7400000000000e-001 5.9704337219287e-001
2.7600000000000e-001 5.8733423120405e-001
2.7800000000000e-001 5.7772162014000e-001
2.8000000000000e-001 5.6821002567915e-001
2.8200000000000e-001 5.5880385808642e-001
2.8400000000000e-001 5.4950744856925e-001
2.8600000000000e-001 5.4032504669664e-001
2.8800000000000e-001 5.3126081788259e-001
2.9000000000000e-001 5.2231884093542e-001
2.9200000000000e-001 5.1350310567412e-001
2.9400000000000e-001 5.0481751061325e-001
2.9600000000000e-001 4.9626586071724e-001
2.9800000000000e-001 4.8785186522547e-001
3.0000000000000e-001 4.7957913554899e-001
3.0200000000000e-001 4.7145118323995e-001
3.0400000000000e-001 4.6347141803459e-001
3.0600000000000e-001 4.5564314597069e-001
3.0800000000000e-001 4.4796956758014e-001
3.1000000000000e-001 4.4045377615745e-001
3.1200000000000e-001 4.3309875610476e-001
3.1400000000000e-001 4.2590738135391e-001
3.1600000000000e-001 4.1888241386617e-001
3.1800000000000e-001 4.1202650220993e-001
3.2000000000000e-001 4.0534218021681e-001
3.2200000000000e-001 3.9883186571653e-001
3.2400000000000e-001 3.9249785935063e-001
3.2600000000000e-001 3.8634234346547e-001
3.2800000000000e-001 3.8036738108441e-001
3.3000000000000e-001 3.7457491495934e-001
3.3200000000000e-001 3.6896676670153e-001
3.3400000000000e-001 3.6354463599187e-001
3.3600000000000e-001 3.5831009987009e-001
3.3800000000000e-001 3.5326461210319e-001
3.4000000000000e-001 3.4840950263252e-001
3.4200000000000e-001 3.4374597709945e-001
3.4400000000000e-001 3.3927511644914e-001
3.4600000000000e-001 3.3499787661222e-001
3.4800000000000e-001 3.3091508826373e-001
3.5000000000000e-001 3.2702745665904e-001
3.5200000000000e-001 3.2333556154611e-001
3.5400000000000e-001 3.1983985715349e-001
3.5600000000000e-001 3.1654067225361e-001
3.5800000000000e-001 3.1343821030047e-001
3.6000000000000e-001 3.1053254964118e-001
3.6200000000000e-001 3.0782364380062e-001
3.6400000000000e-001 3.0531132183827e-001
3.6600000000000e-001 3.0299528877658e-001
3.6800000000000e-001 3.0087512609991e-001
3.7000000000000e-001 2.9895029232315e-001
3.7200000000000e-001 2.9722012362916e-001
3.7400000000000e-001 2.9568383457395e-001
3.7600000000000e-001 2.9434051885876e-001
3.7800000000000e-001 2.9318915016784e-001
3.8000000000000e-001 2.9222858307108e-001
3.8200000000000e-001 2.9145755399018e-001
3.8400000000000e-001 2.9087468222752e-001
3.8600000000000e-001 2.9047847105640e-001
3.8800000000000e-001 2.9026730887150e-001
3.9000000000000e-001 2.9023947039865e-001
3.9200000000000e-001 2.9039311796230e-001
3.9400000000000e-001 2.9072630280992e-001
3.9600000000000e-001 2.9123696649176e-001
3.9800000000000e-001 2.9192294229494e-001
4.0000000000000e-001 2.9278195673053e-001
4.0200000000000e-001 2.9381163107233e-001
4.0400000000000e-001 2.9500948294622e-001
4.0600000000000e-001 2.9637292796855e-001
4.0800000000000e-001 2.9789928143250e-001
4.1000000000000e-001 2.9958576004098e-001
4.1200000000000e-001 3.0142948368479e-001
4.1400000000000e-001 3.0342747726473e-001
4.1600000000000e-001 3.0557667255636e-001
4.1800000000000e-001 3.0787391011599e-001
4.2000000000000e-001 3.1031594122670e-001
4.2200000000000e-001 3.1289942988302e-001
4.2400000000000e-001 3.1562095481289e-001
4.2600000000000e-001 3.1847701153562e-001
4.2800000000000e-001 3.2146401445457e-001
4.3000000000000e-001 3.2457829898309e-001
4.3200000000000e-001 3.2781612370263e-001
4.3400000000000e-001 3.3117367255144e-001
4.3600000000000e-001 3.3464705704278e-001
4.3800000000000e-001 3.3823231851123e-001
4.4000000000000e-001 3.4192543038575e-001
4.4200000000000e-001 3.4572230048846e-001
4.4400000000000e-001 3.4961877335747e-001
4.4600000000000e-001 3.5361063259290e-001
4.4800000000000e-001 3.5769360322450e-001
4.5000000000000e-001 3.6186335409986e-001
4.5200000000000e-001 3.6611550029187e-001
4.5400000000000e-001 3.7044560552414e-001
4.5600000000000e-001 3.7484918461333e-001
4.5800000000000e-001 3.7932170592706e-001
4.6000000000000e-001 3.8385859385625e-001
4.6200000000000e-001 3.8845523130073e-001
4.6400000000000e-001 3.9310696216696e-001
4.6600000000000e-001 3.9780909387662e-001
4.6800000000000e-001 4.0255689988509e-001
4.7000000000000e-001 4.0734562220855e-001
4.7200000000000e-001 4.1217047395873e-001
4.7400000000000e-001 4.1702664188401e-001
4.7600000000000e-001 4.2190928891606e-001
4.7800000000000e-001 4.2681355672072e-001
4.8000000000000e-001 4.3173456825214e-001
4.8200000000000e-001 4.3666743030920e-001
4.8400000000000e-001 4.4160723609314e-001
4.8600000000000e-001 4.4654906776531e-001
4.8800000000000e-001 4.5148799900418e-001
4.9000000000000e-001 4.5641909756053e-001
4.9200000000000e-001 4.6133742780982e-001
4.9400000000000e-001 4.6623805330091e-001
4.9600000000000e-001 4.7111603930005e-001
4.9800000000000e-001 4.7596645532921e-001
5.0000000000000e-001 4.8078437769793e-001
5.0200000000000e-001 4.8556489202767e-001
5.0400000000000e-001 4.9030309576780e-001
5.0600000000000e-001 4.9499410070234e-001
5.0800000000000e-001 4.9963303544655e-001
5.1000000000000e-001 5.0421504793251e-001
5.1200000000000e-001 5.0873530788279e-001
5.1400000000000e-001 5.1318900927150e-001
5.1600000000000e-001 5.1757137277163e-001
5.1800000000000e-001 5.2187764818805e-001
5.2000000000000e-001 5.2610311687527e-001
5.2200000000000e-001 5.3024309413912e-001
5.2400000000000e-001 5.3429293162157e-001
5.2600000000000e-001 5.3824801966783e-001
5.2800000000000e-001 5.4210378967498e-001
5.3000000000000e-001 5.4585571642136e-001
5.3200000000000e-001 5.4949932037578e-001
5.3400000000000e-001 5.5303016998593e-001
5.3600000000000e-001 5.5644388394514e-001
5.3800000000000e-001 5.5973613343669e-001
5.4000000000000e-001 5.6290264435487e-001
5.4200000000000e-001 5.6593919950214e-001
5.4400000000000e-001 5.6884164076146e-001
5.4600000000000e-001 5.7160587124309e-001
5.4800000000000e-001 5.7422785740519e-001
5.5000000000000e-001 5.7670363114717e-001
5.5200000000000e-001 5.7902929187541e-001
5.5400000000000e-001 5.8120100854023e-001
5.5600000000000e-001 5.8321502164357e-001
5.5800000000000e-001 5.8506764521652e-001
5.6000000000000e-001 5.8675526876590e-001
5.6200000000000e-001 5.8827435918929e-001
5.6400000000000e-001 5.8962146265750e-001
5.6600000000000e-001 5.9079320646390e-001
5.6800000000000e-001 5.9178630083980e-001
5.7000000000000e-001 5.9259754073505e-001
5.7200000000000e-001 5.9322380756312e-001
5.7400000000000e-001 5.9366207090992e-001
5.7600000000000e-001 5.9390939020560e-001
5.7800000000000e-001 5.9396291635843e-001
5.8000000000000e-001 5.9381989335012e-001
5.8200000000000e-001 5.9347765979182e-001
5.8400000000000e-001 5.9293365043984e-001
5.8600000000000e-001 5.9218539767058e-001
5.8800000000000e-001 5.9123053291362e-001
5.9000000000000e-001 5.9006678804240e-001
5.9200000000000e-001 5.8869199672168e-001
5.9400000000000e-001 5.8710409571087e-001
5.9600000000000e-001 5.8530112612265e-001
5.9800000000000e-001 5.8328123463598e-001
6.0000000000000e-001 5.8104267466276e-001
6.0200000000000e-001 5.7858380746742e-001
6.0400000000000e-001 5.7590310323865e-001
6.0600000000000e-001 5.7299914211246e-001
6.0800000000000e-001 5.6987061514596e-001
6.1000000000000e-001 5.6651632524095e-001
6.1200000000000e-001 5.6293518801668e-001
6.1400000000000e-001 5.5912623263107e-001
6.1600000000000e-001 5.5508860254957e-001
6.1800000000000e-001 5.5082155626105e-001
6.2000000000000e-001 5.4632446793991e-001
6.2200000000000e-001 5.4159682805386e-001
6.2400000000000e-001 5.3663824391653e-001
6.2600000000000e-001 5.3144844018434e-001
6.2800000000000e-001 5.2602725929699e-001
6.3000000000000e-001 5.2037466186085e-001
6.3200000000000e-001 5.1449072697472e-001
6.3400000000000e-001 5.0837565249723e-001
6.3600000000000e-001 5.0202975525547e-001
6.3800000000000e-001 4.9545347119412e-001
6.4000000000000e-001 4.8864735546464e-001
6.4200000000000e-001 4.8161208245388e-001
6.4400000000000e-001 4.7434844575180e-001
6.4600000000000e-001 4.6685735805757e-001
6.4800000000000e-001 4.5913985102389e-001
6.5000000000000e-001 4.5119707503879e-001
6.5200000000000e-001 4.4303029894479e-001
6.5400000000000e-001 4.3464090969492e-001
6.5600000000000e-001 4.2603041194524e-001
6.5800000000000e-001 4.1720042758361e-001
6.6000000000000e-001 4.0815269519451e-001
6.6200000000000e-001 3.9888906945946e-001
6.6400000000000e-001 3.8941152049308e-001
6.6600000000000e-001 3.7972213311445e-001
6.6800000000000e-001 3.6982310605381e-001
6.7000000000000e-001 3.5971675109427e-001
6.7200000000000e-001 3.4940549214878e-001
6.7400000000000e-001 3.3889186427208e-001
6.7600000000000e-001 3.2817851260795e-001
6.7800000000000e-001 3.1726819127151e-001
6.8000000000000e-001 3.0616376216702e-001
6.8200000000000e-001 2.9486819374115e-001
6.8400000000000e-001 2.8338455967197e-001
6.8600000000000e-001 2.7171603749406e-001
6.8800000000000e-001 2.5986590715985e-001
6.9000000000000e-001 2.4783754953769e-001
6.9200000000000e-001 2.3563444484709e-001
6.9400000000000e-001 2.2326017103146e-001
6.9600000000000e-001 2.1071840206903e-001
6.9800000000000e-001 1.9801290622240e-001
7.0000000000000e-001 1.8514754422737e-001
7.0200000000000e-001 1.7212626742185e-001
7.0400000000000e-001 1.5895311581534e-001
7.0600000000000e-001 1.4563221610002e-001
7.0800000000000e-001 1.3216777960410e-001
7.1000000000000e-001 1.1856410018847e-001
7.1200000000000e-001 1.0482555208747e-001
7.1400000000000e-001 9.0956587694867e-002
7.1600000000000e-001 7.6961735296141e-002
7.1800000000000e-001 6.2845596748046e-002
7.2000000000000e-001 4.8612845106771e-002
7.2200000000000e-001 3.4268222205846e-002
7.2400000000000e-001 1.9816536185095e-002
7.2600000000000e-001 5.2626589719694e-003
7.2800000000000e-001 -9.3884762833465e-003
7.3000000000000e-001 -2.4131877817624e-002
7.3200000000000e-001 -3.8962497907569e-002
7.3400000000000e-001 -5.3875235564547e-002
7.3600000000000e-001 -6.8864939269462e-002
7.3800000000000e-001 -8.3926409746137e-002
7.4000000000000e-001 -9.9054402771492e-002
7.4200000000000e-001 -1.1424363202079e-001
7.4400000000000e-001 -1.2948877194613e-001
7.4600000000000e-001 -1.4478446068640e-001
7.4800000000000e-001 -1.6012530300673e-001
7.5000000000000e-001 -1.7550587326560e-001
7.5200000000000e-001 -1.9092071840753e-001
7.5400000000000e-001 -2.0636436097951e-001
7.5600000000000e-001 -2.2183130216888e-001
7.5800000000000e-001 -2.3731602486083e-001
7.6000000000000e-001 -2.5281299671319e-001
7.6200000000000e-001 -2.6831667324650e-001
7.6400000000000e-001 -2.8382150094707e-001
7.6600000000000e-001 -2.9932192038088e-001
7.6800000000000e-001 -3.1481236931603e-001
7.7000000000000e-001 -3.3028728585147e-001
7.7200000000000e-001 -3.4574111154982e-001
7.7400000000000e-001 -3.6116829457173e-001
7.7600000000000e-001 -3.7656329280971e-001
7.7800000000000e-001 -3.9192057701889e-001
7.8000000000000e-001 -4.0723463394240e-001
7.8200000000000e-001 -4.2249996942904e-001
7.8400000000000e-001 -4.3771111154073e-001
7.8600000000000e-001 -4.5286261364746e-001
7.8800000000000e-001 -4.6794905750731e-001
7.9000000000000e-001 -4.8296505632902e-001
7.9200000000000e-001 -4.9790525781489e-001
7.9400000000000e-001 -5.1276434718143e-001
7.9600000000000e-001 -5.2753705015556e-001
7.9800000000000e-001 -5.4221813594369e-001
8.0000000000000e-001 -5.5680242017160e-001
8.0200000000000e-001 -5.7128476779256e-001
8.0400000000000e-001 -5.8566009596138e-001
8.0600000000000e-001 -5.9992337687207e-001
8.0800000000000e-001 -6.1406964055689e-001
8.1000000000000e-001 -6.2809397764426e-001
8.1200000000000e-001 -6.4199154207354e-001
8.1400000000000e-001 -6.5575755376430e-001
8.1600000000000e-001 -6.6938730123786e-001
8.1800000000000e-001 -6.8287614418905e-001
8.2000000000000e-001 -6.9621951600594e-001
8.2200000000000e-001 -7.0941292623556e-001
8.2400000000000e-001 -7.2245196299338e-001
8.2600000000000e-001 -7.3533229531484e-001
8.2800000000000e-001 -7.4804967544667e-001
8.3000000000000e-001 -7.6059994107622e-001
8.3200000000000e-001 -7.7297901749707e-001
8.3400000000000e-001 -7.8518291970881e-001
8.3600000000000e-001 -7.9720775444956e-001
8.3800000000000e-001 -8.0904972215934e-001
8.4000000000000e-001 -8.2070511887271e-001
8.4200000000000e-001 -8.3217033803915e-001
8.4400000000000e-001 -8.4344187226961e-001
8.4600000000000e-001 -8.5451631500784e-001
8.4800000000000e-001 -8.6539036212514e-001
8.5000000000000e-001 -8.7606081343713e-001
8.5200000000000e-001 -8.8652457414143e-001
8.5400000000000e-001 -8.9677865617505e-001
8.5600000000000e-001 -9.0682017949033e-001
8.5800000000000e-001 -9.1664637324851e-001
8.6000000000000e-001 -9.2625457693002e-001
8.6200000000000e-001 -9.3564224136045e-001
8.6400000000000e-001 -9.4480692965169e-001
8.6600000000000e-001 -9.5374631805730e-001
8.6800000000000e-001 -9.6245819674164e-001
8.7000000000000e-001 -9.7094047046215e-001
8.7200000000000e-001 -9.7919115916438e-001
8.7400000000000e-001 -9.8720839848934e-001
8.7600000000000e-001 -9.9499044019292e-001
8.7800000000000e-001 -1.0025356524771e+000
8.8000000000000e-001 -1.0098425202331e+000
8.8200000000000e-001 -1.0169096451959e+000
8.8400000000000e-001 -1.0237357460107e+000
8.8600000000000e-001 -1.0303196582111e+000
8.8800000000000e-001 -1.0366603341098e+000
8.9000000000000e-001 -1.0427568426009e+000
8.9200000000000e-001 -1.0486083688757e+000
8.9400000000000e-001 -1.0542142140510e+000
8.9600000000000e-001 -1.0595737947120e+000
8.9800000000000e-001 -1.0646866423689e+000
9.0000000000000e-001 -1.0695524028285e+000
9.0200000000000e-001 -1.0741708354825e+000
9.0400000000000e-001 -1.0785418125118e+000
9.0600000000000e-001 -1.0826653180083e+000
9.0800000000000e-001 -1.0865414470165e+000
9.1000000000000e-001 -1.0901704044935e+000
9.1200000000000e-001 -1.0935525041909e+000
9.1400000000000e-001 -1.0966881674587e+000
9.1600000000000e-001 -1.0995779219724e+000
9.1800000000000e-001 -1.1022224003856e+000
9.2000000000000e-001 -1.1046223389081e+000
9.2200000000000e-001 -1.1067785758126e+000
9.2400000000000e-001 -1.1086920498707e+000
9.2600000000000e-001 -1.1103637987197e+000
9.2800000000000e-001 -1.1117949571623e+000
9.3000000000000e-001 -1.1129867554013e+000
9.3200000000000e-001 -1.1139405172099e+000
9.3400000000000e-001 -1.1146576580410e+000
9.3600000000000e-001 -1.1151396830764e+000
9.3800000000000e-001 -1.1153881852178e+000
9.4000000000000e-001 -1.1154048430231e+000
9.4200000000000e-001 -1.1151914185874e+000
9.4400000000000e-001 -1.1147497553741e+000
9.4600000000000e-001 -1.1140817759951e+000
9.4800000000000e-001 -1.1131894799448e+000
9.5000000000000e-001 -1.1120749412887e+000
9.5200000000000e-001 -1.1107403063091e+000
9.5400000000000e-001 -1.1091877911108e+000
9.5600000000000e-001 -1.1074196791884e+000
9.5800000000000e-001 -1.1054383189581e+000
9.6000000000000e-001 -1.1032461212561e+000
9.6200000000000e-001 -1.1008455568056e+000
9.6400000000000e-001 -1.0982391536566e+000
9.6600000000000e-001 -1.0954294945980e+000
9.6800000000000e-001 -1.0924192145474e+000
9.7000000000000e-001 -1.0892109979192e+000
9.7200000000000e-001 -1.0858075759740e+000
9.7400000000000e-001 -1.0822117241522e+000
9.7600000000000e-001 -1.0784262593938e+000
9.7800000000000e-001 -1.0744540374470e+000
9.8000000000000e-001 -1.0702979501679e+000
9.8200000000000e-001 -1.0659609228147e+000
9.8400000000000e-001 -1.0614459113378e+000
9.8600000000000e-001 -1.0567558996682e+000
9.8800000000000e-001 -1.0518938970085e+000
9.9000000000000e-001 -1.0468629351261e+000
9.9200000000000e-001 -1.0416660656540e+000
9.9400000000000e-001 -1.0363063573989e+000
9.9600000000000e-001 -1.0307868936615e+000
9.9800000000000e-001 -1.0251107695695e+000
1.0000000000000e+000 -1.0192810894262e+000
1.0020000000000e+000 -1.0133009640783e+000
1.0040000000000e+000 -1.0071735083029e+000
1.0060000000000e+000 -1.0009018382177e+000
1.0080000000000e+000 -9.9448906871660e-001
1.0100000000000e+000 -9.8793831093194e-001
1.0120000000000e+000 -9.8125266972623e-001
1.0140000000000e+000 -9.7443524121567e-001
1.0160000000000e+000 -9.6748911032706e-001
1.0180000000000e+000 -9.6041734839062e-001
1.0200000000000e+000 -9.5322301077048e-001
1.0220000000000e+000 -9.4590913453491e-001
1.0240000000000e+000 -9.3847873616833e-001
1.0260000000000e+000 -9.3093480932683e-001
1.0280000000000e+000 -9.2328032263916e-001
1.0300000000000e+000 -9.1551821755498e-001
1.0320000000000e+000 -9.0765140624209e-001
1.0340000000000e+000 -8.9968276953435e-001
1.0360000000000e+000 -8.9161515493197e-001
1.0380000000000e+000 -8.8345137465571e-001
1.0400000000000e+000 -8.7519420375655e-001
1.0420000000000e+000 -8.6684637828236e-001
1.0440000000000e+000 -8.5841059350288e-001
1.0460000000000e+000 -8.4988950219448e-001
1.0480000000000e+000 -8.4128571298603e-001
1.0500000000000e+000 -8.3260178876693e-001
1.0520000000000e+000 -8.2384024515879e-001
1.0540000000000e+000 -8.1500354905160e-001
1.0560000000000e+000 -8.0609411720563e-001
1.0580000000000e+000 -7.9711431492001e-001
1.0600000000000e+000 -7.8806645476887e-001
1.0620000000000e+000 -7.7895279540605e-001
1.0640000000000e+000 -7.6977554043903e-001
1.0660000000000e+000 -7.6053683737294e-001
1.0680000000000e+000 -7.5123877662523e-001
1.0700000000000e+000 -7.4188339061178e-001
1.0720000000000e+000 -7.3247265290474e-001
1.0740000000000e+000 -7.2300847746283e-001
1.0760000000000e+000 -7.1349271793437e-001
1.0780000000000e+000 -7.0392716703345e-001
1.0800000000000e+000 -6.9431355598941e-001
1.0820000000000e+000 -6.8465355407007e-001
1.0840000000000e+000 -6.7494876817860e-001
1.0860000000000e+000 -6.6520074252425e-001
1.0880000000000e+000 -6.5541095836695e-001
1.0900000000000e+000 -6.4558083383569e-001
1.0920000000000e+000 -6.3571172382057e-001
1.0940000000000e+000 -6.2580491993832e-001
1.0960000000000e+000 -6.1586165057108e-001
1.0980000000000e+000 -6.0588308097803e-001
1.1000000000000e+000 -5.9587031347965e-001
1.1020000000000e+000 -5.8582438771389e-001
1.1040000000000e+000 -5.7574628096409e-001
1.1060000000000e+000 -5.6563690855768e-001
1.1080000000000e+000 -5.5549712433538e-001
1.1100000000000e+000 -5.4532772118988e-001
1.1120000000000e+000 -5.3512943167347e-001
1.1140000000000e+000 -5.2490292867364e-001
1.1160000000000e+000 -5.1464882615578e-001
1.1180000000000e+000 -5.0436767997209e-001
1.1200000000000e+000 -4.9405998873561e-001
1.1220000000000e+000 -4.8372619475827e-001
1.1240000000000e+000 -4.7336668505196e-001
1.1260000000000e+000 -4.6298179239126e-001
1.1280000000000e+000 -4.5257179643667e-001
1.1300000000000e+000 -4.4213692491703e-001
1.1320000000000e+000 -4.3167735486973e-001
1.1340000000000e+000 -4.2119321393734e-001
1.1360000000000e+000 -4.1068458171912e-001
1.1380000000000e+000 -4.0015149117597e-001
1.1400000000000e+000 -3.8959393008717e-001
1.1420000000000e+000 -3.7901184255736e-001
1.1440000000000e+000 -3.6840513057198e-001
1.1460000000000e+000 -3.5777365559965e-001
1.1480000000000e+000 -3.4711724023940e-001
1.1500000000000e+000 -3.3643566991134e-001
1.1520000000000e+000 -3.2572869458853e-001
1.1540000000000e+000 -3.1499603056848e-001
1.1560000000000e+000 -3.0423736228211e-001
1.1580000000000e+000 -2.9345234413829e-001
1.1600000000000e+000 -2.8264060240202e-001
1.1620000000000e+000 -2.7180173710405e-001
1.1640000000000e+000 -2.6093532397994e-001
1.1660000000000e+000 -2.5004091643655e-001
1.1680000000000e+000 -2.3911804754357e-001
1.1700000000000e+000 -2.2816623204817e-001
1.1720000000000e+000 -2.1718496841042e-001
1.1740000000000e+000 -2.0617374085732e-001
1.1760000000000e+000 -1.9513202145321e-001
1.1780000000000e+000 -1.8405927218419e-001
1.1800000000000e+000 -1.7295494705439e-001
1.1820000000000e+000 -1.6181849419178e-001
1.1840000000000e+000 -1.5064935796106e-001
1.1860000000000e+000 -1.3944698108148e-001
1.1880000000000e+000 -1.2821080674720e-001
1.1900000000000e+000 -1.1694028074769e-001
1.1920000000000e+000 -1.0563485358612e-001
1.1940000000000e+000 -9.4293982593044e-002
1.1960000000000e+000 -8.2917134033302e-002
1.1980000000000e+000 -7.1503785203594e-002
1.2000000000000e+000 -6.0053426518465e-002
1.2020000000000e+000 -4.8565563582317e-002
1.2040000000000e+000 -3.7039719245120e-002
1.2060000000000e+000 -2.5475435639471e-002
1.2080000000000e+000 -1.3872276196710e-002
1.2100000000000e+000 -2.2298276397554e-003
1.2120000000000e+000 9.4522980496033e-003
1.2140000000000e+000 2.1174461691237e-002
1.2160000000000e+000 3.2936994997277e-002
1.2180000000000e+000 4.4740198694998e-002
1.2200000000000e+000 5.6584340684190e-002
1.2220000000000e+000 6.8469654231177e-002
1.2240000000000e+000 8.0396336201616e-002
1.2260000000000e+000 9.2364545334183e-002
1.2280000000000e+000 1.0437440055720e-001
1.2300000000000e+000 1.1642597935022e-001
1.2320000000000e+000 1.2851931615261e-001
1.2340000000000e+000 1.4065440082095e-001
1.2360000000000e+000 1.5283117713729e-001
1.2380000000000e+000 1.6504954137000e-001
1.2400000000000e+000 1.7730934088905e-001
1.2420000000000e+000 1.8961037283744e-001
1.2440000000000e+000 2.0195238286056e-001
1.2460000000000e+000 2.1433506389491e-001
1.2480000000000e+000 2.2675805501801e-001
1.2500000000000e+000 2.3922094036076e-001
1.2520000000000e+000 2.5172324808392e-001
1.2540000000000e+000 2.6426444941990e-001
1.2560000000000e+000 2.7684395778129e-001
1.2580000000000e+000 2.8946112793739e-001
1.2600000000000e+000 3.0211525525979e-001
1.2620000000000e+000 3.1480557503827e-001
1.2640000000000e+000 3.2753126186790e-001
1.2660000000000e+000 3.4029142910841e-001
1.2680000000000e+000 3.5308512841661e-001
1.2700000000000e+000 3.6591134935274e-001
1.2720000000000e+000 3.7876901906146e-001
1.2740000000000e+000 3.9165700202800e-001
1.2760000000000e+000 4.0457409991020e-001
1.2780000000000e+000 4.1751905144682e-001
1.2800000000000e+000 4.3049053244253e-001
1.2820000000000e+000 4.4348715582978e-001
1.2840000000000e+000 4.5650747180803e-001
1.2860000000000e+000 4.6954996806015e-001
1.2880000000000e+000 4.8261307004625e-001
1.2900000000000e+000 4.9569514137487e-001
1.2920000000000e+000 5.0879448425133e-001
1.2940000000000e+000 5.2190934000301e-001
1.2960000000000e+000 5.3503788968137e-001
1.2980000000000e+000 5.4817825474024e-001
1.3000000000000e+000 5.6132849778981e-001
1.3020000000000e+000 5.7448662342598e-001
1.3040000000000e+000 5.8765057913406e-001
1.3060000000000e+000 6.0081825626651e-001
1.3080000000000e+000 6.1398749109344e-001
1.3100000000000e+000 6.2715606592530e-001
1.3120000000000e+000 6.4032171030651e-001
1.3140000000000e+000 6.5348210227912e-001
1.3160000000000e+000 6.6663486971514e-001
1.3180000000000e+000 6.7977759171647e-001
1.3200000000000e+000 6.9290780008093e-001
1.3220000000000e+000 7.0602298083305e-001
1.3240000000000e+000 7.1912057581809e-001
1.3260000000000e+000 7.3219798435774e-001
1.3280000000000e+000 7.4525256496576e-001
1.3300000000000e+000 7.5828163712196e-001
1.3320000000000e+000 7.7128248310259e-001
1.3340000000000e+000 7.8425234986534e-001
1.3360000000000e+000 7.9718845098693e-001
1.3380000000000e+000 8.1008796865145e-001
1.3400000000000e+000 8.2294805568707e-001
1.3420000000000e+000 8.3576583764937e-001
1.3440000000000e+000 8.4853841494870e-001
1.3460000000000e+000 8.6126286501960e-001
1.3480000000000e+000 8.7393624452987e-001
1.3500000000000e+000 8.8655559162683e-001
1.3520000000000e+000 8.9911792821856e-001
1.3540000000000e+000 9.1162026228744e-001
1.3560000000000e+000 9.2405959023366e-001
1.3580000000000e+000 9.3643289924606e-001
1.3600000000000e+000 9.4873716969769e-001
1.3620000000000e+000 9.6096937756357e-001
1.3640000000000e+000 9.7312649685788e-001
1.3660000000000e+000 9.8520550208800e-001
1.3680000000000e+000 9.9720337072263e-001
1.3700000000000e+000 1.0091170856712e+000
1.3720000000000e+000 1.0209436377722e+000
1.3740000000000e+000 1.0326800282865e+000
1.3760000000000e+000 1.0443232713950e+000
1.3780000000000e+000 1.0558703966957e+000
1.3800000000000e+000 1.0673184516979e+000
1.3820000000000e+000 1.0786645043123e+000
1.3840000000000e+000 1.0899056453319e+000
1.3860000000000e+000 1.1010389909020e+000
1.3880000000000e+000 1.1120616849775e+000
1.3900000000000e+000 1.1229709017623e+000
1.3920000000000e+000 1.1337638481308e+000
1.3940000000000e+000 1.1444377660259e+000
1.3960000000000e+000 1.1549899348340e+000
1.3980000000000e+000 1.1654176737310e+000
1.4000000000000e+000 1.1757183439990e+000
1.4020000000000e+000 1.1858893513104e+000
1.4040000000000e+000 1.1959281479759e+000
1.4060000000000e+000 1.2058322351553e+000
1.4080000000000e+000 1.2155991650275e+000
1.4100000000000e+000 1.2252265429173e+000
1.4120000000000e+000 1.2347120293776e+000
1.4140000000000e+000 1.2440533422230e+000
1.4160000000000e+000 1.2532482585135e+000
1.4180000000000e+000 1.2622946164861e+000
1.4200000000000e+000 1.2711903174316e+000
1.4220000000000e+000 1.2799333275144e+000
1.4240000000000e+000 1.2885216795338e+000
1.4260000000000e+000 1.2969534746242e+000
1.4280000000000e+000 1.3052268838920e+000
1.4300000000000e+000 1.3133401499889e+000
1.4320000000000e+000 1.3212915886172e+000
1.4340000000000e+000 1.3290795899679e+000
1.4360000000000e+000 1.3367026200883e+000
1.4380000000000e+000 1.3441592221779e+000
1.4400000000000e+000 1.3514480178117e+000
1.4420000000000e+000 1.3585677080889e+000
1.4440000000000e+000 1.3655170747056e+000
1.4460000000000e+000 1.3722949809507e+000
1.4480000000000e+000 1.3789003726232e+000
1.4500000000000e+000 1.3853322788715e+000
1.4520000000000e+000 1.3915898129504e+000
1.4540000000000e+000 1.3976721728994e+000
1.4560000000000e+000 1.4035786421374e+000
1.4580000000000e+000 1.4093085899757e+000
1.4600000000000e+000 1.4148614720474e+000
1.4620000000000e+000 1.4202368306543e+000
1.4640000000000e+000 1.4254342950283e+000
1.4660000000000e+000 1.4304535815099e+000
1.4680000000000e+000 1.4352944936410e+000
1.4700000000000e+000 1.4399569221748e+000
1.4720000000000e+000 1.4444408449995e+000
1.4740000000000e+000 1.4487463269784e+000
1.4760000000000e+000 1.4528735197059e+000
1.4780000000000e+000 1.4568226611794e+000
1.4800000000000e+000 1.4605940753876e+000
1.4820000000000e+000 1.4641881718158e+000
1.4840000000000e+000 1.4676054448691e+000
1.4860000000000e+000 1.4708464732140e+000
1.4880000000000e+000 1.4739119190382e+000
1.4900000000000e+000 1.4768025272317e+000
1.4920000000000e+000 1.4795191244881e+000
1.4940000000000e+000 1.4820626183277e+000
1.4960000000000e+000 1.4844339960447e+000
1.4980000000000e+000 1.4866343235783e+000
1.5000000000000e+000 1.4886647443094e+000
1.5020000000000e+000 1.4905264777854e+000
1.5040000000000e+000 1.4922208183729e+000
1.5060000000000e+000 1.4937491338414e+000
1.5080000000000e+000 1.4951128638788e+000
1.5100000000000e+000 1.4963135185409e+000
1.5120000000000e+000 1.4973526766363e+000
1.5140000000000e+000 1.4982319840494e+000
1.5160000000000e+000 1.4989531520024e+000
1.5180000000000e+000 1.4995179552595e+000
1.5200000000000e+000 1.4999282302741e+000
1.5220000000000e+000 1.5001858732828e+000
1.5240000000000e+000 1.5002928383473e+000
1.5260000000000e+000 1.5002511353465e+000
1.5280000000000e+000 1.5000628279221e+000
1.5300000000000e+000 1.4997300313793e+000
1.5320000000000e+000 1.4992549105451e+000
1.5340000000000e+000 1.4986396775871e+000
1.5360000000000e+000 1.4978865897956e+000
1.5380000000000e+000 1.4969979473304e+000
1.5400000000000e+000 1.4959760909366e+000
1.5420000000000e+000 1.4948233996305e+000
1.5440000000000e+000 1.4935422883597e+000
1.5460000000000e+000 1.4921352056395e+000
1.5480000000000e+000 1.4906046311676e+000
1.5500000000000e+000 1.4889530734223e+000
1.5520000000000e+000 1.4871830672438e+000
1.5540000000000e+000 1.4852971714044e+000
1.5560000000000e+000 1.4832979661683e+000
1.5580000000000e+000 1.4811880508451e+000
1.5600000000000e+000 1.4789700413392e+000
1.5620000000000e+000 1.4766465676983e+000
1.5640000000000e+000 1.4742202716639e+000
1.5660000000000e+000 1.4716938042263e+000
1.5680000000000e+000 1.4690698231873e+000
1.5700000000000e+000 1.4663509907338e+000
1.5720000000000e+000 1.4635399710241e+000
1.5740000000000e+000 1.4606394277908e+000
1.5760000000000e+000 1.4576520219626e+000
1.5780000000000e+000 1.4545804093071e+000
1.5800000000000e+000 1.4514272380992e+000
1.5820000000000e+000 1.4481951468153e+000
1.5840000000000e+000 1.4448867618580e+000
1.5860000000000e+000 1.4415046953131e+000
1.5880000000000e+000 1.4380515427416e+000
1.5900000000000e+000 1.4345298810094e+000
1.5920000000000e+000 1.4309422661570e+000
1.5940000000000e+000 1.4272912313123e+000
1.5960000000000e+000 1.4235792846477e+000
1.5980000000000e+000 1.4198089073854e+000
1.6000000000000e+000 1.4159825518518e+000
1.6020000000000e+000 1.4121026395834e+000
1.6040000000000e+000 1.4081715594878e+000
1.6060000000000e+000 1.4041916660596e+000
1.6080000000000e+000 1.4001652776553e+000
1.6100000000000e+000 1.3960946748280e+000
1.6120000000000e+000 1.3919820987245e+000
1.6140000000000e+000 1.3878297495463e+000
1.6160000000000e+000 1.3836397850768e+000
1.6180000000000e+000 1.3794143192750e+000
1.6200000000000e+000 1.3751554209393e+000
1.6220000000000e+000 1.3708651124408e+000
1.6240000000000e+000 1.3665453685288e+000
1.6260000000000e+000 1.3621981152090e+000
1.6280000000000e+000 1.3578252286968e+000
1.6300000000000e+000 1.3534285344451e+000
1.6320000000000e+000 1.3490098062501e+000
1.6340000000000e+000 1.3445707654338e+000
1.6360000000000e+000 1.3401130801063e+000
1.6380000000000e+000 1.3356383645066e+000
1.6400000000000e+000 1.3311481784244e+000
1.6420000000000e+000 1.3266440267021e+000
1.6440000000000e+000 1.3221273588182e+000
1.6460000000000e+000 1.3175995685517e+000
1.6480000000000e+000 1.3130619937282e+000
1.6500000000000e+000 1.3085159160484e+000
1.6520000000000e+000 1.3039625609982e+000
1.6540000000000e+000 1.2994030978418e+000
1.6560000000000e+000 1.2948386396965e+000
1.6580000000000e+000 1.2902702436901e+000
1.6600000000000e+000 1.2856989112011e+000
1.6620000000000e+000 1.2811255881787e+000
1.6640000000000e+000 1.2765511655455e+000
1.6660000000000e+000 1.2719764796788e+000
1.6680000000000e+000 1.2674023129716e+000
1.6700000000000e+000 1.2628293944729e+000
1.6720000000000e+000 1.2582584006041e+000
1.6740000000000e+000 1.2536899559542e+000
1.6760000000000e+000 1.2491246341496e+000
1.6780000000000e+000 1.2445629588006e+000
1.6800000000000e+000 1.2400054045214e+000
1.6820000000000e+000 1.2354523980226e+000
1.6840000000000e+000 1.2309043192756e+000
1.6860000000000e+000 1.2263615027458e+000
1.6880000000000e+000 1.2218242386932e+000
1.6900000000000e+000 1.2172927745389e+000
1.6920000000000e+000 1.2127673162950e+000
1.6940000000000e+000 1.2082480300572e+000
1.6960000000000e+000 1.2037350435573e+000
1.6980000000000e+000 1.1992284477755e+000
1.7000000000000e+000 1.1947282986103e+000
1.7020000000000e+000 1.1902346186032e+000
1.7040000000000e+000 1.1857473987168e+000
1.7060000000000e+000 1.1812666001640e+000
1.7080000000000e+000 1.1767921562836e+000
1.7100000000000e+000 1.1723239744618e+000
1.7120000000000e+000 1.1678619380945e+000
1.7140000000000e+000 1.1634059085894e+000
1.7160000000000e+000 1.1589557274057e+000
1.7180000000000e+000 1.1545112181285e+000
1.7200000000000e+000 1.1500721885770e+000
1.7220000000000e+000 1.1456384329446e+000
1.7240000000000e+000 1.1412097339666e+000
1.7260000000000e+000 1.1367858651147e+000
1.7280000000000e+000 1.1323665928133e+000
1.7300000000000e+000 1.1279516786742e+000
1.7320000000000e+000 1.1235408817451e+000
1.7340000000000e+000 1.1191339607701e+000
1.7360000000000e+000 1.1147306764583e+000
1.7380000000000e+000 1.1103307937582e+000
1.7400000000000e+000 1.1059340841375e+000
1.7420000000000e+000 1.1015403278648e+000
1.7440000000000e+000 1.0971493162922e+000
1.7460000000000e+000 1.0927608541366e+000
1.7480000000000e+000 1.0883747617540e+000
1.7500000000000e+000 1.0839908774047e+000
1.7520000000000e+000 1.0796090595033e+000
1.7540000000000e+000 1.0752291888499e+000
1.7560000000000e+000 1.0708511708383e+000
1.7580000000000e+000 1.0664749376390e+000
1.7600000000000e+000 1.0621004503549e+000
1.7620000000000e+000 1.0577277011495e+000
1.7640000000000e+000 1.0533567153464e+000
1.7660000000000e+000 1.0489875534992e+000
1.7680000000000e+000 1.0446203134289e+000
1.7700000000000e+000 1.0402551322251e+000
1.7720000000000e+000 1.0358921882055e+000
1.7740000000000e+000 1.0315317028278e+000
1.7760000000000e+000 1.0271739425494e+000
1.7780000000000e+000 1.0228192206302e+000
1.7800000000000e+000 1.0184678988773e+000
1.7820000000000e+000 1.0141203893330e+000
1.7840000000000e+000 1.0097771559064e+000
1.7860000000000e+000 1.0054387159498e+000
1.7880000000000e+000 1.0011056417821e+000
1.7900000000000e+000 9.9677856215284e-001
1.7920000000000e+000 9.9245816364521e-001
1.7940000000000e+000 9.8814519200828e-001
1.7960000000000e+000 9.8384045341345e-001
1.7980000000000e+000 9.7954481562869e-001
1.8000000000000e+000 9.7525920910852e-001
1.8020000000000e+000 9.7098462800033e-001
1.8040000000000e+000 9.6672213107023e-001
1.8060000000000e+000 9.6247284255284e-001
1.8080000000000e+000 9.5823795292858e-001
1.8100000000000e+000 9.5401871962997e-001
1.8120000000000e+000 9.4981646767484e-001
1.8140000000000e+000 9.4563259022090e-001
1.8160000000000e+000 9.4146854903302e-001
1.8180000000000e+000 9.3732587485386e-001
1.8200000000000e+000 9.3320616767039e-001
1.8220000000000e+000 9.2911109687305e-001
1.8240000000000e+000 9.2504240131069e-001
1.8260000000000e+000 9.2100188925029e-001
1.8280000000000e+000 9.1699143825354e-001
1.8300000000000e+000 9.1301299498120e-001
1.8320000000000e+000 9.0906857493047e-001
1.8340000000000e+000 9.0516026210150e-001
1.8360000000000e+000 9.0129020858069e-001
1.8380000000000e+000 8.9746063402331e-001
1.8400000000000e+000 8.9367382501933e-001
1.8420000000000e+000 8.8993213433374e-001
1.8440000000000e+000 8.8623798002464e-001
1.8460000000000e+000 8.8259384445355e-001
1.8480000000000e+000 8.7900227321005e-001
1.8500000000000e+000 8.7546587397201e-001
1.8520000000000e+000 8.7198731531468e-001
1.8540000000000e+000 8.6856932546826e-001
1.8560000000000e+000 8.6521469101008e-001
1.8580000000000e+000 8.6192625546920e-001
1.8600000000000e+000 8.5870691782167e-001
1.8620000000000e+000 8.5555963086318e-001
1.8640000000000e+000 8.5248739945765e-001
1.8660000000000e+000 8.4949327867110e-001
1.8680000000000e+000 8.4658037180738e-001
1.8700000000000e+000 8.4375182836755e-001
1.8720000000000e+000 8.4101084195861e-001
1.8740000000000e+000 8.3836064817753e-001
1.8760000000000e+000 8.3580452248749e-001
1.8780000000000e+000 8.3334577808268e-001
1.8800000000000e+000 8.3098776370976e-001
1.8820000000000e+000 8.2873386139215e-001
1.8840000000000e+000 8.2658748400146e-001
1.8860000000000e+000 8.2455207264750e-001
1.8880000000000e+000 8.2263109390586e-001
1.8900000000000e+000 8.2082803695045e-001
1.8920000000000e+000 8.1914641068413e-001
1.8940000000000e+000 8.1758974094711e-001
1.8960000000000e+000 8.1616156783488e-001
1.8980000000000e+000 8.1486544309173e-001
1.9000000000000e+000 8.1370492749357e-001
1.9020000000000e+000 8.1268358811480e-001
1.9040000000000e+000 8.1180499539965e-001
1.9060000000000e+000 8.1107272001626e-001
1.9080000000000e+000 8.1049032953932e-001
1.9100000000000e+000 8.1006138505863e-001
1.9120000000000e+000 8.0978943782548e-001
1.9140000000000e+000 8.0967802602466e-001
1.9160000000000e+000 8.0973067170588e-001
1.9180000000000e+000 8.0995087784446e-001
1.9200000000000e+000 8.1034212544940e-001
1.9220000000000e+000 8.1090787061292e-001
1.9240000000000e+000 8.1165154141219e-001
1.9260000000000e+000 8.1257653464281e-001
1.9280000000000e+000 8.1368621247003e-001
1.9300000000000e+000 8.1498389911452e-001
1.9320000000000e+000 8.1647287743118e-001
1.9340000000000e+000 8.1815638514193e-001
1.9360000000000e+000 8.2003761082325e-001
1.9380000000000e+000 8.2211969019059e-001
1.9400000000000e+000 8.2440570323232e-001
1.9420000000000e+000 8.2689867222064e-001
1.9440000000000e+000 8.2960155997958e-001
1.9460000000000e+000 8.3251726753953e-001
1.9480000000000e+000 8.3564863063764e-001
1.9500000000000e+000 8.3899841518650e-001
1.9520000000000e+000 8.4256931239548e-001
1.9540000000000e+000 8.4636393437787e-001
1.9560000000000e+000 8.5038481078936e-001
1.9580000000000e+000 8.5463438653304e-001
1.9600000000000e+000 8.5911502011451e-001
1.9620000000000e+000 8.6382898202990e-001
1.9640000000000e+000 8.6877845265443e-001
1.9660000000000e+000 8.7396551937312e-001
1.9680000000000e+000 8.7939217301088e-001
1.9700000000000e+000 8.8506030385091e-001
1.9720000000000e+000 8.9097169761820e-001
1.9740000000000e+000 8.9712803175647e-001
1.9760000000000e+000 9.0353087219177e-001
1.9780000000000e+000 9.1018167061815e-001
1.9800000000000e+000 9.1708176221091e-001
1.9820000000000e+000 9.2423236359749e-001
1.9840000000000e+000 9.3163457089957e-001
1.9860000000000e+000 9.3928935768860e-001
1.9880000000000e+000 9.4719757275040e-001
1.9900000000000e+000 9.5535993761389e-001
1.9920000000000e+000 9.6377704384909e-001
1.9940000000000e+000 9.7244935017406e-001
1.9960000000000e+000 9.8137717942667e-001
1.9980000000000e+000 9.9056071545856e-001
2.0000000000000e+000 1.0000000000000e+000
