TITLE = "FUNC"
VARIABLES = "X", "F"
ZONE I=1001, F=POINT
0.0000000000000e+000 1.0000000000000e+000
2.0000000000000e-003 1.9855836818358e+001
4.0000000000000e-003 1.9963379023093e+001
6.0000000000000e-003 2.0066630727408e+001
8.0000000000000e-003 2.0165633090564e+001
1.0000000000000e-002 2.0260424251194e+001
1.2000000000000e-002 2.0351039525544e+001
1.4000000000000e-002 2.0437511599744e+001
1.6000000000000e-002 2.0519870716259e+001
1.8000000000000e-002 2.0598144854658e+001
2.0000000000000e-002 2.0672359906858e+001
2.2000000000000e-002 2.0742539846974e+001
2.4000000000000e-002 2.0808706895915e+001
2.6000000000000e-002 2.0870881680820e+001
2.8000000000000e-002 2.0929083389434e+001
3.0000000000000e-002 2.0983329919503e+001
3.2000000000000e-002 2.1033638023255e+001
3.4000000000000e-002 2.1080023447036e+001
3.6000000000000e-002 2.1122501066147e+001
3.8000000000000e-002 2.1161085014960e+001
4.0000000000000e-002 2.1195788812331e+001
4.2000000000000e-002 2.1226625482404e+001
4.4000000000000e-002 2.1253607670822e+001
4.6000000000000e-002 2.1276747756424e+001
4.8000000000000e-002 2.1296057958467e+001
5.0000000000000e-002 2.1311550439438e+001
5.2000000000000e-002 2.1323237403507e+001
5.4000000000000e-002 2.1331131190679e+001
5.6000000000000e-002 2.1335244366700e+001
5.8000000000000e-002 2.1335589808792e+001
6.0000000000000e-002 2.1332180787249e+001
6.2000000000000e-002 2.1325031042992e+001
6.4000000000000e-002 2.1314154861106e+001
6.6000000000000e-002 2.1299567140459e+001
6.8000000000000e-002 2.1281283459441e+001
7.0000000000000e-002 2.1259320137897e+001
7.2000000000000e-002 2.1233694295327e+001
7.4000000000000e-002 2.1204423905405e+001
7.6000000000000e-002 2.1171527846897e+001
7.8000000000000e-002 2.1135025951037e+001
8.0000000000000e-002 2.1094939045437e+001
8.2000000000000e-002 2.1051288994590e+001
8.4000000000000e-002 2.1004098737045e+001
8.6000000000000e-002 2.0953392319324e+001
8.8000000000000e-002 2.0899194926636e+001
9.0000000000000e-002 2.0841532910480e+001
9.2000000000000e-002 2.0780433813198e+001
9.4000000000000e-002 2.0715926389541e+001
9.6000000000000e-002 2.0648040625336e+001
9.8000000000000e-002 2.0576807753316e+001
1.0000000000000e-001 2.0502260266181e+001
1.0200000000000e-001 2.0424431926977e+001
1.0400000000000e-001 2.0343357776844e+001
1.0600000000000e-001 2.0259074140230e+001
1.0800000000000e-001 2.0171618627616e+001
1.1000000000000e-001 2.0081030135848e+001
1.1200000000000e-001 1.9987348846135e+001
1.1400000000000e-001 1.9890616219781e+001
1.1600000000000e-001 1.9790874991741e+001
1.1800000000000e-001 1.9688169162051e+001
1.2000000000000e-001 1.9582543985216e+001
1.2200000000000e-001 1.9474045957623e+001
1.2400000000000e-001 1.9362722803050e+001
1.2600000000000e-001 1.9248623456344e+001
1.2800000000000e-001 1.9131798045327e+001
1.3000000000000e-001 1.9012297871018e+001
1.3200000000000e-001 1.8890175386219e+001
1.3400000000000e-001 1.8765484172549e+001
1.3600000000000e-001 1.8638278915985e+001
1.3800000000000e-001 1.8508615380981e+001
1.4000000000000e-001 1.8376550383232e+001
1.4200000000000e-001 1.8242141761145e+001
1.4400000000000e-001 1.8105448346081e+001
1.4600000000000e-001 1.7966529931447e+001
1.4800000000000e-001 1.7825447240675e+001
1.5000000000000e-001 1.7682261894183e+001
1.5200000000000e-001 1.7537036375347e+001
1.5400000000000e-001 1.7389833995575e+001
1.5600000000000e-001 1.7240718858523e+001
1.5800000000000e-001 1.7089755823519e+001
1.6000000000000e-001 1.6937010468264e+001
1.6200000000000e-001 1.6782549050842e+001
1.6400000000000e-001 1.6626438471126e+001
1.6600000000000e-001 1.6468746231614e+001
1.6800000000000e-001 1.6309540397762e+001
1.7000000000000e-001 1.6148889557857e+001
1.7200000000000e-001 1.5986862782493e+001
1.7400000000000e-001 1.5823529583701e+001
1.7600000000000e-001 1.5658959873772e+001
1.7800000000000e-001 1.5493223923837e+001
1.8000000000000e-001 1.5326392322248e+001
1.8200000000000e-001 1.5158535932799e+001
1.8400000000000e-001 1.4989725852847e+001
1.8600000000000e-001 1.4820033371370e+001
1.8800000000000e-001 1.4649529927004e+001
1.9000000000000e-001 1.4478287066114e+001
1.9200000000000e-001 1.4306376400923e+001
1.9400000000000e-001 1.4133869567756e+001
1.9600000000000e-001 1.3960838185431e+001
1.9800000000000e-001 1.3787353813837e+001
2.0000000000000e-001 1.3613487912733e+001
2.0200000000000e-001 1.3439311800809e+001
2.0400000000000e-001 1.3264896615044e+001
2.0600000000000e-001 1.3090313270392e+001
2.0800000000000e-001 1.2915632419827e+001
2.1000000000000e-001 1.2740924414787e+001
2.1200000000000e-001 1.2566259266035e+001
2.1400000000000e-001 1.2391706604981e+001
2.1600000000000e-001 1.2217335645482e+001
2.1800000000000e-001 1.2043215146146e+001
2.2000000000000e-001 1.1869413373181e+001
2.2200000000000e-001 1.1695998063796e+001
2.2400000000000e-001 1.1523036390187e+001
2.2600000000000e-001 1.1350594924128e+001
2.2800000000000e-001 1.1178739602195e+001
2.3000000000000e-001 1.1007535691633e+001
2.3200000000000e-001 1.0837047756892e+001
2.3400000000000e-001 1.0667339626849e+001
2.3600000000000e-001 1.0498474362738e+001
2.3800000000000e-001 1.0330514226792e+001
2.4000000000000e-001 1.0163520651630e+001
2.4200000000000e-001 9.9975542103827e+000
2.4400000000000e-001 9.8326745875950e+000
2.4600000000000e-001 9.6689405508923e+000
2.4800000000000e-001 9.5064099234404e+000
2.5000000000000e-001 9.3451395572015e+000
2.5200000000000e-001 9.1851853069982e+000
2.5400000000000e-001 9.0266020053934e+000
2.5600000000000e-001 8.8694434383943e+000
2.5800000000000e-001 8.7137623219876e+000
2.6000000000000e-001 8.5596102795119e+000
2.6200000000000e-001 8.4070378198729e+000
2.6400000000000e-001 8.2560943166052e+000
2.6600000000000e-001 8.1068279877851e+000
2.6800000000000e-001 7.9592858767974e+000
2.7000000000000e-001 7.8135138339569e+000
2.7200000000000e-001 7.6695564989885e+000
2.7400000000000e-001 7.5274572843644e+000
2.7600000000000e-001 7.3872583594992e+000
2.7800000000000e-001 7.2490006358023e+000
2.8000000000000e-001 7.1127237525866e+000
2.8200000000000e-001 6.9784660638300e+000
2.8400000000000e-001 6.8462646257890e+000
2.8600000000000e-001 6.7161551854598e+000
2.8800000000000e-001 6.5881721698830e+000
2.9000000000000e-001 6.4623486762893e+000
2.9200000000000e-001 6.3387164630782e+000
2.9400000000000e-001 6.2173059416270e+000
2.9600000000000e-001 6.0981461689225e+000
2.9800000000000e-001 5.9812648410099e+000
3.0000000000000e-001 5.8666882872504e+000
3.0200000000000e-001 5.7544414653818e+000
3.0400000000000e-001 5.6445479573736e+000
3.0600000000000e-001 5.5370299660673e+000
3.0800000000000e-001 5.4319083125950e+000
3.1000000000000e-001 5.3292024345657e+000
3.1200000000000e-001 5.2289303850105e+000
3.1400000000000e-001 5.1311088320774e+000
3.1600000000000e-001 5.0357530594645e+000
3.1800000000000e-001 4.9428769675815e+000
3.2000000000000e-001 4.8524930754298e+000
3.2200000000000e-001 4.7646125231891e+000
3.2400000000000e-001 4.6792450754989e+000
3.2600000000000e-001 4.5963991254249e+000
3.2800000000000e-001 4.5160816990975e+000
3.3000000000000e-001 4.4382984610104e+000
3.3200000000000e-001 4.3630537199680e+000
3.3400000000000e-001 4.2903504356680e+000
3.3600000000000e-001 4.2201902259084e+000
3.3800000000000e-001 4.1525733744048e+000
3.4000000000000e-001 4.0874988392060e+000
3.4200000000000e-001 4.0249642616950e+000
3.4400000000000e-001 3.9649659761621e+000
3.4600000000000e-001 3.9074990199376e+000
3.4800000000000e-001 3.8525571440702e+000
3.5000000000000e-001 3.8001328245391e+000
3.5200000000000e-001 3.7502172739846e+000
3.5400000000000e-001 3.7028004539466e+000
3.5600000000000e-001 3.6578710875947e+000
3.5800000000000e-001 3.6154166729398e+000
3.6000000000000e-001 3.5754234965109e+000
3.6200000000000e-001 3.5378766474852e+000
3.6400000000000e-001 3.5027600322594e+000
3.6600000000000e-001 3.4700563894460e+000
3.6800000000000e-001 3.4397473052844e+000
3.7000000000000e-001 3.4118132294518e+000
3.7200000000000e-001 3.3862334912614e+000
3.7400000000000e-001 3.3629863162350e+000
3.7600000000000e-001 3.3420488430371e+000
3.7800000000000e-001 3.3233971407572e+000
3.8000000000000e-001 3.3070062265282e+000
3.8200000000000e-001 3.2928500834680e+000
3.8400000000000e-001 3.2809016789313e+000
3.8600000000000e-001 3.2711329830607e+000
3.8800000000000e-001 3.2635149876227e+000
3.9000000000000e-001 3.2580177251186e+000
3.9200000000000e-001 3.2546102881568e+000
3.9400000000000e-001 3.2532608490755e+000
3.9600000000000e-001 3.2539366798038e+000
3.9800000000000e-001 3.2566041719501e+000
4.0000000000000e-001 3.2612288571058e+000
4.0200000000000e-001 3.2677754273534e+000
4.0400000000000e-001 3.2762077559688e+000
4.0600000000000e-001 3.2864889183053e+000
4.0800000000000e-001 3.2985812128506e+000
4.1000000000000e-001 3.3124461824449e+000
4.1200000000000e-001 3.3280446356504e+000
4.1400000000000e-001 3.3453366682622e+000
4.1600000000000e-001 3.3642816849506e+000
4.1800000000000e-001 3.3848384210249e+000
4.2000000000000e-001 3.4069649643103e+000
4.2200000000000e-001 3.4306187771263e+000
4.2400000000000e-001 3.4557567183605e+000
4.2600000000000e-001 3.4823350656268e+000
4.2800000000000e-001 3.5103095374991e+000
4.3000000000000e-001 3.5396353158146e+000
4.3200000000000e-001 3.5702670680350e+000
4.3400000000000e-001 3.6021589696602e+000
4.3600000000000e-001 3.6352647266847e+000
4.3800000000000e-001 3.6695375980910e+000
4.4000000000000e-001 3.7049304183704e+000
4.4200000000000e-001 3.7413956200651e+000
4.4400000000000e-001 3.7788852563247e+000
4.4600000000000e-001 3.8173510234692e+000
4.4800000000000e-001 3.8567442835526e+000
4.5000000000000e-001 3.8970160869200e+000
4.5200000000000e-001 3.9381171947526e+000
4.5400000000000e-001 3.9799981015929e+000
4.5600000000000e-001 4.0226090578461e+000
4.5800000000000e-001 4.0659000922502e+000
4.6000000000000e-001 4.1098210343097e+000
4.6200000000000e-001 4.1543215366876e+000
4.6400000000000e-001 4.1993510975495e+000
4.6600000000000e-001 4.2448590828563e+000
4.6800000000000e-001 4.2907947485982e+000
4.7000000000000e-001 4.3371072629662e+000
4.7200000000000e-001 4.3837457284572e+000
4.7400000000000e-001 4.4306592039061e+000
4.7600000000000e-001 4.4777967264416e+000
4.7800000000000e-001 4.5251073333609e+000
4.8000000000000e-001 4.5725400839198e+000
4.8200000000000e-001 4.6200440810320e+000
4.8400000000000e-001 4.6675684928756e+000
4.8600000000000e-001 4.7150625744021e+000
4.8800000000000e-001 4.7624756887427e+000
4.9000000000000e-001 4.8097573285106e+000
4.9200000000000e-001 4.8568571369929e+000
4.9400000000000e-001 4.9037249292300e+000
4.9600000000000e-001 4.9503107129785e+000
4.9800000000000e-001 4.9965647095534e+000
5.0000000000000e-001 5.0424373745476e+000
5.0200000000000e-001 5.0878794184225e+000
5.0400000000000e-001 5.1328418269693e+000
5.0600000000000e-001 5.1772758816354e+000
5.0800000000000e-001 5.2211331797129e+000
5.1000000000000e-001 5.2643656543870e+000
5.1200000000000e-001 5.3069255946384e+000
5.1400000000000e-001 5.3487656649988e+000
5.1600000000000e-001 5.3898389251551e+000
5.1800000000000e-001 5.4300988493975e+000
5.2000000000000e-001 5.4694993459109e+000
5.2200000000000e-001 5.5079947759031e+000
5.2400000000000e-001 5.5455399725682e+000
5.2600000000000e-001 5.5820902598810e+000
5.2800000000000e-001 5.6176014712187e+000
5.3000000000000e-001 5.6520299678060e+000
5.3200000000000e-001 5.6853326569804e+000
5.3400000000000e-001 5.7174670102737e+000
5.3600000000000e-001 5.7483910813053e+000
5.3800000000000e-001 5.7780635234842e+000
5.4000000000000e-001 5.8064436075146e+000
5.4200000000000e-001 5.8334912387023e+000
5.4400000000000e-001 5.8591669740562e+000
5.4600000000000e-001 5.8834320391818e+000
5.4800000000000e-001 5.9062483449616e+000
5.5000000000000e-001 5.9275785040177e+000
5.5200000000000e-001 5.9473858469535e+000
5.5400000000000e-001 5.9656344383669e+000
5.5600000000000e-001 5.9822890926336e+000
5.5800000000000e-001 5.9973153894523e+000
5.6000000000000e-001 6.0106796891495e+000
5.6200000000000e-001 6.0223491477362e+000
5.6400000000000e-001 6.0322917317137e+000
5.6600000000000e-001 6.0404762326208e+000
5.6800000000000e-001 6.0468722813184e+000
5.7000000000000e-001 6.0514503620051e+000
5.7200000000000e-001 6.0541818259581e+000
5.7400000000000e-001 6.0550389049938e+000
5.7600000000000e-001 6.0539947246422e+000
5.7800000000000e-001 6.0510233170275e+000
5.8000000000000e-001 6.0460996334515e+000
5.8200000000000e-001 6.0391995566701e+000
5.8400000000000e-001 6.0302999128594e+000
5.8600000000000e-001 6.0193784832624e+000
5.8800000000000e-001 6.0064140155119e+000
5.9000000000000e-001 5.9913862346206e+000
5.9200000000000e-001 5.9742758536333e+000
5.9400000000000e-001 5.9550645839334e+000
5.9600000000000e-001 5.9337351451971e+000
5.9800000000000e-001 5.9102712749871e+000
6.0000000000000e-001 5.8846577379809e+000
6.0200000000000e-001 5.8568803348236e+000
6.0400000000000e-001 5.8269259106009e+000
6.0600000000000e-001 5.7947823629218e+000
6.0800000000000e-001 5.7604386496070e+000
6.1000000000000e-001 5.7238847959725e+000
6.1200000000000e-001 5.6851119017036e+000
6.1400000000000e-001 5.6441121473095e+000
6.1600000000000e-001 5.6008788001535e+000
6.1800000000000e-001 5.5554062200491e+000
6.2000000000000e-001 5.5076898644166e+000
6.2200000000000e-001 5.4577262929908e+000
6.2400000000000e-001 5.4055131720750e+000
6.2600000000000e-001 5.3510492783314e+000
6.2800000000000e-001 5.2943345021024e+000
6.3000000000000e-001 5.2353698502556e+000
6.3200000000000e-001 5.1741574485448e+000
6.3400000000000e-001 5.1107005434798e+000
6.3600000000000e-001 5.0450035037001e+000
6.3800000000000e-001 4.9770718208435e+000
6.4000000000000e-001 4.9069121099040e+000
6.4200000000000e-001 4.8345321090738e+000
6.4400000000000e-001 4.7599406790610e+000
6.4600000000000e-001 4.6831478018786e+000
6.4800000000000e-001 4.6041645790986e+000
6.5000000000000e-001 4.5230032295654e+000
6.5200000000000e-001 4.4396770865628e+000
6.5400000000000e-001 4.3542005944310e+000
6.5600000000000e-001 4.2665893046263e+000
6.5800000000000e-001 4.1768598712215e+000
6.6000000000000e-001 4.0850300458405e+000
6.6200000000000e-001 3.9911186720244e+000
6.6400000000000e-001 3.8951456790250e+000
6.6600000000000e-001 3.7971320750224e+000
6.6800000000000e-001 3.6970999397636e+000
6.7000000000000e-001 3.5950724166192e+000
6.7200000000000e-001 3.4910737040564e+000
6.7400000000000e-001 3.3851290465262e+000
6.7600000000000e-001 3.2772647247628e+000
6.7800000000000e-001 3.1675080454949e+000
6.8000000000000e-001 3.0558873305671e+000
6.8200000000000e-001 2.9424319054731e+000
6.8400000000000e-001 2.8271720872978e+000
6.8600000000000e-001 2.7101391720723e+000
6.8800000000000e-001 2.5913654215404e+000
6.9000000000000e-001 2.4708840493391e+000
6.9200000000000e-001 2.3487292065959e+000
6.9400000000000e-001 2.2249359669439e+000
6.9600000000000e-001 2.0995403109585e+000
6.9800000000000e-001 1.9725791100206e+000
7.0000000000000e-001 1.8440901096074e+000
7.0200000000000e-001 1.7141119120185e+000
7.0400000000000e-001 1.5826839585406e+000
7.0600000000000e-001 1.4498465110573e+000
7.0800000000000e-001 1.3156406331096e+000
7.1000000000000e-001 1.1801081704147e+000
7.1200000000000e-001 1.0432917308500e+000
7.1400000000000e-001 9.0523466391014e-001
7.1600000000000e-001 7.6598103964599e-001
7.1800000000000e-001 6.2557562709394e-001
7.2000000000000e-001 4.8406387220582e-001
7.2200000000000e-001 3.4149187528922e-001
7.2400000000000e-001 1.9790636796893e-001
7.2600000000000e-001 5.3354689680951e-002
7.2800000000000e-001 -9.2115236289166e-002
7.3000000000000e-001 -2.3845492721129e-001
7.3200000000000e-001 -3.8561536574594e-001
7.3400000000000e-001 -5.3354702519636e-001
7.3600000000000e-001 -6.8219989516336e-001
7.3800000000000e-001 -8.3152350758834e-001
7.4000000000000e-001 -9.8146696316951e-001
7.4200000000000e-001 -1.1319789581355e+000
7.4400000000000e-001 -1.2830078113602e+000
7.4600000000000e-001 -1.4345014918032e+000
7.4800000000000e-001 -1.5864076462562e+000
7.5000000000000e-001 -1.7386736273815e+000
7.5200000000000e-001 -1.8912465220211e+000
7.5400000000000e-001 -2.0440731797597e+000
7.5600000000000e-001 -2.1971002417225e+000
7.5800000000000e-001 -2.3502741695884e+000
7.6000000000000e-001 -2.5035412747980e+000
7.6200000000000e-001 -2.6568477479380e+000
7.6400000000000e-001 -2.8101396882797e+000
7.6600000000000e-001 -2.9633631334517e+000
7.6800000000000e-001 -3.1164640892257e+000
7.7000000000000e-001 -3.2693885593936e+000
7.7200000000000e-001 -3.4220825757138e+000
7.7400000000000e-001 -3.5744922279053e+000
7.7600000000000e-001 -3.7265636936672e+000
7.7800000000000e-001 -3.8782432687001e+000
7.8000000000000e-001 -4.0294773967085e+000
7.8200000000000e-001 -4.1802126993592e+000
7.8400000000000e-001 -4.3303960061739e+000
7.8600000000000e-001 -4.4799743843331e+000
7.8800000000000e-001 -4.6288951683663e+000
7.9000000000000e-001 -4.7771059897071e+000
7.9200000000000e-001 -4.9245548060882e+000
7.9400000000000e-001 -5.0711899307540e+000
7.9600000000000e-001 -5.2169600614661e+000
7.9800000000000e-001 -5.3618143092791e+000
8.0000000000000e-001 -5.5057022270631e+000
8.0200000000000e-001 -5.6485738377494e+000
8.0400000000000e-001 -5.7903796622761e+000
8.0600000000000e-001 -5.9310707472104e+000
8.0800000000000e-001 -6.0705986920252e+000
8.1000000000000e-001 -6.2089156760066e+000
8.1200000000000e-001 -6.3459744847694e+000
8.1400000000000e-001 -6.4817285363599e+000
8.1600000000000e-001 -6.6161319069213e+000
8.1800000000000e-001 -6.7491393559026e+000
8.2000000000000e-001 -6.8807063507877e+000
8.2200000000000e-001 -7.0107890913242e+000
8.2400000000000e-001 -7.1393445332309e+000
8.2600000000000e-001 -7.2663304113644e+000
8.2800000000000e-001 -7.3917052623234e+000
8.3000000000000e-001 -7.5154284464726e+000
8.3200000000000e-001 -7.6374601693663e+000
8.3400000000000e-001 -7.7577615025535e+000
8.3600000000000e-001 -7.8762944037462e+000
8.3800000000000e-001 -7.9930217363338e+000
8.4000000000000e-001 -8.1079072882262e+000
8.4200000000000e-001 -8.2209157900095e+000
8.4400000000000e-001 -8.3320129323983e+000
8.4600000000000e-001 -8.4411653829703e+000
8.4800000000000e-001 -8.5483408021669e+000
8.5000000000000e-001 -8.6535078585485e+000
8.5200000000000e-001 -8.7566362432886e+000
8.5400000000000e-001 -8.8576966838966e+000
8.5600000000000e-001 -8.9566609571564e+000
8.5800000000000e-001 -9.0535019012690e+000
8.6000000000000e-001 -9.1481934271915e+000
8.6200000000000e-001 -9.2407105291594e+000
8.6400000000000e-001 -9.3310292943865e+000
8.6600000000000e-001 -9.4191269119330e+000
8.6800000000000e-001 -9.5049816807346e+000
8.7000000000000e-001 -9.5885730167864e+000
8.7200000000000e-001 -9.6698814594763e+000
8.7400000000000e-001 -9.7488886770634e+000
8.7600000000000e-001 -9.8255774712958e+000
8.7800000000000e-001 -9.8999317811671e+000
8.8000000000000e-001 -9.9719366858076e+000
8.8200000000000e-001 -1.0041578406509e+001
8.8400000000000e-001 -1.0108844307884e+001
8.8600000000000e-001 -1.0173722898156e+001
8.8800000000000e-001 -1.0236203828588e+001
8.9000000000000e-001 -1.0296277892041e+001
8.9200000000000e-001 -1.0353937020682e+001
8.9400000000000e-001 -1.0409174282826e+001
8.9600000000000e-001 -1.0461983878925e+001
8.9800000000000e-001 -1.0512361136718e+001
9.0000000000000e-001 -1.0560302505534e+001
9.0200000000000e-001 -1.0605805549755e+001
9.0400000000000e-001 -1.0648868941466e+001
9.0600000000000e-001 -1.0689492452272e+001
9.0800000000000e-001 -1.0727676944318e+001
9.1000000000000e-001 -1.0763424360500e+001
9.1200000000000e-001 -1.0796737713897e+001
9.1400000000000e-001 -1.0827621076419e+001
9.1600000000000e-001 -1.0856079566697e+001
9.1800000000000e-001 -1.0882119337213e+001
9.2000000000000e-001 -1.0905747560704e+001
9.2200000000000e-001 -1.0926972415832e+001
9.2400000000000e-001 -1.0945803072154e+001
9.2600000000000e-001 -1.0962249674394e+001
9.2800000000000e-001 -1.0976323326045e+001
9.3000000000000e-001 -1.0988036072304e+001
9.3200000000000e-001 -1.0997400882375e+001
9.3400000000000e-001 -1.1004431631142e+001
9.3600000000000e-001 -1.1009143080238e+001
9.3800000000000e-001 -1.1011550858536e+001
9.4000000000000e-001 -1.1011671442065e+001
9.4200000000000e-001 -1.1009522133388e+001
9.4400000000000e-001 -1.1005121040451e+001
9.4600000000000e-001 -1.0998487054935e+001
9.4800000000000e-001 -1.0989639830118e+001
9.5000000000000e-001 -1.0978599758285e+001
9.5200000000000e-001 -1.0965387947698e+001
9.5400000000000e-001 -1.0950026199152e+001
9.5600000000000e-001 -1.0932536982137e+001
9.5800000000000e-001 -1.0912943410638e+001
9.6000000000000e-001 -1.0891269218585e+001
9.6200000000000e-001 -1.0867538734987e+001
9.6400000000000e-001 -1.0841776858763e+001
9.6600000000000e-001 -1.0814009033309e+001
9.6800000000000e-001 -1.0784261220815e+001
9.7000000000000e-001 -1.0752559876353e+001
9.7200000000000e-001 -1.0718931921774e+001
9.7400000000000e-001 -1.0683404719430e+001
9.7600000000000e-001 -1.0646006045745e+001
9.7800000000000e-001 -1.0606764064663e+001
9.8000000000000e-001 -1.0565707300997e+001
9.8200000000000e-001 -1.0522864613710e+001
9.8400000000000e-001 -1.0478265169137e+001
9.8600000000000e-001 -1.0431938414188e+001
9.8800000000000e-001 -1.0383914049558e+001
9.9000000000000e-001 -1.0334222002947e+001
9.9200000000000e-001 -1.0282892402348e+001
9.9400000000000e-001 -1.0229955549393e+001
9.9600000000000e-001 -1.0175441892811e+001
9.9800000000000e-001 -1.0119382001997e+001
1.0000000000000e+000 -1.0061806540735e+001
1.0020000000000e+000 -1.0002746241090e+001
1.0040000000000e+000 -9.9422318774873e+000
1.0060000000000e+000 -9.8802942410161e+000
1.0080000000000e+000 -9.8169641139648e+000
1.0100000000000e+000 -9.7522722446218e+000
1.0120000000000e+000 -9.6862493223579e+000
1.0140000000000e+000 -9.6189259530132e+000
1.0160000000000e+000 -9.5503326346110e+000
1.0180000000000e+000 -9.4804997334182e+000
1.0200000000000e+000 -9.4094574603729e+000
1.0220000000000e+000 -9.3372358478998e+000
1.0240000000000e+000 -9.2638647271330e+000
1.0260000000000e+000 -9.1893737055639e+000
1.0280000000000e+000 -9.1137921451353e+000
1.0300000000000e+000 -9.0371491407970e+000
1.0320000000000e+000 -8.9594734995435e+000
1.0340000000000e+000 -8.8807937199478e+000
1.0360000000000e+000 -8.8011379722108e+000
1.0380000000000e+000 -8.7205340787405e+000
1.0400000000000e+000 -8.6390094952764e+000
1.0420000000000e+000 -8.5565912925758e+000
1.0440000000000e+000 -8.4733061386738e+000
1.0460000000000e+000 -8.3891802817331e+000
1.0480000000000e+000 -8.3042395334947e+000
1.0500000000000e+000 -8.2185092533437e+000
1.0520000000000e+000 -8.1320143330012e+000
1.0540000000000e+000 -8.0447791818530e+000
1.0560000000000e+000 -7.9568277129278e+000
1.0580000000000e+000 -7.8681833295326e+000
1.0600000000000e+000 -7.7788689125560e+000
1.0620000000000e+000 -7.6889068084475e+000
1.0640000000000e+000 -7.5983188178817e+000
1.0660000000000e+000 -7.5071261851138e+000
1.0680000000000e+000 -7.4153495880334e+000
1.0700000000000e+000 -7.3230091289234e+000
1.0720000000000e+000 -7.2301243259280e+000
1.0740000000000e+000 -7.1367141052365e+000
1.0760000000000e+000 -7.0427967939846e+000
1.0780000000000e+000 -6.9483901138786e+000
1.0800000000000e+000 -6.8535111755439e+000
1.0820000000000e+000 -6.7581764736008e+000
1.0840000000000e+000 -6.6624018824678e+000
1.0860000000000e+000 -6.5662026528946e+000
1.0880000000000e+000 -6.4695934092230e+000
1.0900000000000e+000 -6.3725881473767e+000
1.0920000000000e+000 -6.2752002335774e+000
1.0940000000000e+000 -6.1774424037862e+000
1.0960000000000e+000 -6.0793267638667e+000
1.0980000000000e+000 -5.9808647904672e+000
1.1000000000000e+000 -5.8820673326174e+000
1.1020000000000e+000 -5.7829446140359e+000
1.1040000000000e+000 -5.6835062361413e+000
1.1060000000000e+000 -5.5837611817640e+000
1.1080000000000e+000 -5.4837178195487e+000
1.1100000000000e+000 -5.3833839090430e+000
1.1120000000000e+000 -5.2827666064629e+000
1.1140000000000e+000 -5.1818724711277e+000
1.1160000000000e+000 -5.0807074725537e+000
1.1180000000000e+000 -4.9792769981994e+000
1.1200000000000e+000 -4.8775858618490e+000
1.1220000000000e+000 -4.7756383126267e+000
1.1240000000000e+000 -4.6734380446270e+000
1.1260000000000e+000 -4.5709882071521e+000
1.1280000000000e+000 -4.4682914155410e+000
1.1300000000000e+000 -4.3653497625799e+000
1.1320000000000e+000 -4.2621648304784e+000
1.1340000000000e+000 -4.1587377033979e+000
1.1360000000000e+000 -4.0550689805178e+000
1.1380000000000e+000 -3.9511587896243e+000
1.1400000000000e+000 -3.8470068012061e+000
1.1420000000000e+000 -3.7426122430399e+000
1.1440000000000e+000 -3.6379739152518e+000
1.1460000000000e+000 -3.5330902058337e+000
1.1480000000000e+000 -3.4279591066016e+000
1.1500000000000e+000 -3.3225782295736e+000
1.1520000000000e+000 -3.2169448237531e+000
1.1540000000000e+000 -3.1110557922959e+000
1.1560000000000e+000 -3.0049077100435e+000
1.1580000000000e+000 -2.8984968414027e+000
1.1600000000000e+000 -2.7918191585521e+000
1.1620000000000e+000 -2.6848703599552e+000
1.1640000000000e+000 -2.5776458891596e+000
1.1660000000000e+000 -2.4701409538625e+000
1.1680000000000e+000 -2.3623505452201e+000
1.1700000000000e+000 -2.2542694573811e+000
1.1720000000000e+000 -2.1458923072227e+000
1.1740000000000e+000 -2.0372135542667e+000
1.1760000000000e+000 -1.9282275207543e+000
1.1780000000000e+000 -1.8189284118587e+000
1.1800000000000e+000 -1.7093103360112e+000
1.1820000000000e+000 -1.5993673253203e+000
1.1840000000000e+000 -1.4890933560612e+000
1.1860000000000e+000 -1.3784823692127e+000
1.1880000000000e+000 -1.2675282910186e+000
1.1900000000000e+000 -1.1562250535524e+000
1.1920000000000e+000 -1.0445666152617e+000
1.1940000000000e+000 -9.3254698146928e-001
1.1960000000000e+000 -8.2016022480992e-001
1.1980000000000e+000 -7.0740050557817e-001
1.2000000000000e+000 -5.9426209196645e-001
1.2020000000000e+000 -4.8073938016999e-001
1.2040000000000e+000 -3.6682691433670e-001
1.2060000000000e+000 -2.5251940633960e-001
1.2080000000000e+000 -1.3781175534990e-001
1.2100000000000e+000 -2.2699067188738e-002
1.2120000000000e+000 9.2823326564074e-002
1.2140000000000e+000 2.0875984972573e-001
1.2160000000000e+000 3.2511466295181e-001
1.2180000000000e+000 4.4189164548428e-001
1.2200000000000e+000 5.5909437722688e-001
1.2220000000000e+000 6.7672612116819e-001
1.2240000000000e+000 7.9478980617244e-001
1.2260000000000e+000 9.1328801015784e-001
1.2280000000000e+000 1.0322229436817e+000
1.2300000000000e+000 1.1515964339512e+000
1.2320000000000e+000 1.2714099092787e+000
1.2340000000000e+000 1.3916643839989e+000
1.2360000000000e+000 1.5123604438665e+000
1.2380000000000e+000 1.6334982319507e+000
1.2400000000000e+000 1.7550774350437e+000
1.2420000000000e+000 1.8770972705990e+000
1.2440000000000e+000 1.9995564742152e+000
1.2460000000000e+000 2.1224532876808e+000
1.2480000000000e+000 2.2457854475938e+000
1.2500000000000e+000 2.3695501745702e+000
1.2520000000000e+000 2.4937441630553e+000
1.2540000000000e+000 2.6183635717497e+000
1.2560000000000e+000 2.7434040146620e+000
1.2580000000000e+000 2.8688605528007e+000
1.2600000000000e+000 2.9947276865146e+000
1.2620000000000e+000 3.1209993484924e+000
1.2640000000000e+000 3.2476688974311e+000
1.2660000000000e+000 3.3747291123810e+000
1.2680000000000e+000 3.5021721877765e+000
1.2700000000000e+000 3.6299897291583e+000
1.2720000000000e+000 3.7581727495945e+000
1.2740000000000e+000 3.8867116668064e+000
1.2760000000000e+000 4.0155963010027e+000
1.2780000000000e+000 4.1448158734278e+000
1.2800000000000e+000 4.2743590056265e+000
1.2820000000000e+000 4.4042137194282e+000
1.2840000000000e+000 4.5343674376519e+000
1.2860000000000e+000 4.6648069855338e+000
1.2880000000000e+000 4.7955185928769e+000
1.2900000000000e+000 4.9264878969229e+000
1.2920000000000e+000 5.0576999459436e+000
1.2940000000000e+000 5.1891392035516e+000
1.2960000000000e+000 5.3207895537254e+000
1.2980000000000e+000 5.4526343065465e+000
1.3000000000000e+000 5.5846562046431e+000
1.3020000000000e+000 5.7168374303354e+000
1.3040000000000e+000 5.8491596134763e+000
1.3060000000000e+000 5.9816038399805e+000
1.3080000000000e+000 6.1141506610342e+000
1.3100000000000e+000 6.2467801029770e+000
1.3120000000000e+000 6.3794716778467e+000
1.3140000000000e+000 6.5122043945771e+000
1.3160000000000e+000 6.6449567708381e+000
1.3180000000000e+000 6.7777068455056e+000
1.3200000000000e+000 6.9104321917510e+000
1.3220000000000e+000 7.0431099307351e+000
1.3240000000000e+000 7.1757167458945e+000
1.3260000000000e+000 7.3082288978051e+000
1.3280000000000e+000 7.4406222396083e+000
1.3300000000000e+000 7.5728722329840e+000
1.3320000000000e+000 7.7049539646544e+000
1.3340000000000e+000 7.8368421634009e+000
1.3360000000000e+000 7.9685112175778e+000
1.3380000000000e+000 8.0999351931036e+000
1.3400000000000e+000 8.2310878519125e+000
1.3420000000000e+000 8.3619426708449e+000
1.3440000000000e+000 8.4924728609601e+000
1.3460000000000e+000 8.6226513872477e+000
1.3480000000000e+000 8.7524509887198e+000
1.3500000000000e+000 8.8818441988615e+000
1.3520000000000e+000 9.0108033664181e+000
1.3540000000000e+000 9.1393006764975e+000
1.3560000000000e+000 9.2673081719655e+000
1.3580000000000e+000 9.3947977751108e+000
1.3600000000000e+000 9.5217413095571e+000
1.3620000000000e+000 9.6481105223987e+000
1.3640000000000e+000 9.7738771065365e+000
1.3660000000000e+000 9.8990127231898e+000
1.3680000000000e+000 1.0023489024560e+001
1.3700000000000e+000 1.0147277676624e+001
1.3720000000000e+000 1.0270350382028e+001
1.3740000000000e+000 1.0392678903062e+001
1.3760000000000e+000 1.0514235084688e+001
1.3780000000000e+000 1.0634990877600e+001
1.3800000000000e+000 1.0754918361283e+001
1.3820000000000e+000 1.0873989767060e+001
1.3840000000000e+000 1.0992177501083e+001
1.3860000000000e+000 1.1109454167268e+001
1.3880000000000e+000 1.1225792590120e+001
1.3900000000000e+000 1.1341165837452e+001
1.3920000000000e+000 1.1455547242955e+001
1.3940000000000e+000 1.1568910428595e+001
1.3960000000000e+000 1.1681229326828e+001
1.3980000000000e+000 1.1792478202589e+001
1.4000000000000e+000 1.1902631675049e+001
1.4020000000000e+000 1.2011664739098e+001
1.4040000000000e+000 1.2119552786555e+001
1.4060000000000e+000 1.2226271627055e+001
1.4080000000000e+000 1.2331797508611e+001
1.4100000000000e+000 1.2436107137819e+001
1.4120000000000e+000 1.2539177699689e+001
1.4140000000000e+000 1.2640986877072e+001
1.4160000000000e+000 1.2741512869675e+001
1.4180000000000e+000 1.2840734412632e+001
1.4200000000000e+000 1.2938630794618e+001
1.4220000000000e+000 1.3035181875481e+001
1.4240000000000e+000 1.3130368103378e+001
1.4260000000000e+000 1.3224170531393e+001
1.4280000000000e+000 1.3316570833624e+001
1.4300000000000e+000 1.3407551320709e+001
1.4320000000000e+000 1.3497094954794e+001
1.4340000000000e+000 1.3585185363910e+001
1.4360000000000e+000 1.3671806855748e+001
1.4380000000000e+000 1.3756944430826e+001
1.4400000000000e+000 1.3840583795017e+001
1.4420000000000e+000 1.3922711371443e+001
1.4440000000000e+000 1.4003314311709e+001
1.4460000000000e+000 1.4082380506467e+001
1.4480000000000e+000 1.4159898595310e+001
1.4500000000000e+000 1.4235857975963e+001
1.4520000000000e+000 1.4310248812786e+001
1.4540000000000e+000 1.4383062044564e+001
1.4560000000000e+000 1.4454289391581e+001
1.4580000000000e+000 1.4523923361964e+001
1.4600000000000e+000 1.4591957257310e+001
1.4620000000000e+000 1.4658385177558e+001
1.4640000000000e+000 1.4723202025132e+001
1.4660000000000e+000 1.4786403508335e+001
1.4680000000000e+000 1.4847986143986e+001
1.4700000000000e+000 1.4907947259314e+001
1.4720000000000e+000 1.4966284993089e+001
1.4740000000000e+000 1.5022998296001e+001
1.4760000000000e+000 1.5078086930286e+001
1.4780000000000e+000 1.5131551468585e+001
1.4800000000000e+000 1.5183393292062e+001
1.4820000000000e+000 1.5233614587760e+001
1.4840000000000e+000 1.5282218345214e+001
1.4860000000000e+000 1.5329208352313e+001
1.4880000000000e+000 1.5374589190424e+001
1.4900000000000e+000 1.5418366228782e+001
1.4920000000000e+000 1.5460545618143e+001
1.4940000000000e+000 1.5501134283724e+001
1.4960000000000e+000 1.5540139917419e+001
1.4980000000000e+000 1.5577570969308e+001
1.5000000000000e+000 1.5613436638481e+001
1.5020000000000e+000 1.5647746863152e+001
1.5040000000000e+000 1.5680512310118e+001
1.5060000000000e+000 1.5711744363537e+001
1.5080000000000e+000 1.5741455113058e+001
1.5100000000000e+000 1.5769657341308e+001
1.5120000000000e+000 1.5796364510754e+001
1.5140000000000e+000 1.5821590749946e+001
1.5160000000000e+000 1.5845350839165e+001
1.5180000000000e+000 1.5867660195480e+001
1.5200000000000e+000 1.5888534857251e+001
1.5220000000000e+000 1.5907991468059e+001
1.5240000000000e+000 1.5926047260124e+001
1.5260000000000e+000 1.5942720037189e+001
1.5280000000000e+000 1.5958028156915e+001
1.5300000000000e+000 1.5971990512793e+001
1.5320000000000e+000 1.5984626515596e+001
1.5340000000000e+000 1.5995956074390e+001
1.5360000000000e+000 1.6005999577123e+001
1.5380000000000e+000 1.6014777870815e+001
1.5400000000000e+000 1.6022312241368e+001
1.5420000000000e+000 1.6028624393017e+001
1.5440000000000e+000 1.6033736427447e+001
1.5460000000000e+000 1.6037670822595e+001
1.5480000000000e+000 1.6040450411164e+001
1.5500000000000e+000 1.6042098358864e+001
1.5520000000000e+000 1.6042638142414e+001
1.5540000000000e+000 1.6042093527319e+001
1.5560000000000e+000 1.6040488545449e+001
1.5580000000000e+000 1.6037847472448e+001
1.5600000000000e+000 1.6034194804982e+001
1.5620000000000e+000 1.6029555237875e+001
1.5640000000000e+000 1.6023953641135e+001
1.5660000000000e+000 1.6017415036901e+001
1.5680000000000e+000 1.6009964576352e+001
1.5700000000000e+000 1.6001627516570e+001
1.5720000000000e+000 1.5992429197421e+001
1.5740000000000e+000 1.5982395018446e+001
1.5760000000000e+000 1.5971550415808e+001
1.5780000000000e+000 1.5959920839305e+001
1.5800000000000e+000 1.5947531729483e+001
1.5820000000000e+000 1.5934408494876e+001
1.5840000000000e+000 1.5920576489384e+001
1.5860000000000e+000 1.5906060989826e+001
1.5880000000000e+000 1.5890887173694e+001
1.5900000000000e+000 1.5875080097125e+001
1.5920000000000e+000 1.5858664673120e+001
1.5940000000000e+000 1.5841665650034e+001
1.5960000000000e+000 1.5824107590364e+001
1.5980000000000e+000 1.5806014849849e+001
1.6000000000000e+000 1.5787411556912e+001
1.6020000000000e+000 1.5768321592469e+001
1.6040000000000e+000 1.5748768570122e+001
1.6060000000000e+000 1.5728775816755e+001
1.6080000000000e+000 1.5708366353568e+001
1.6100000000000e+000 1.5687562877567e+001
1.6120000000000e+000 1.5666387743523e+001
1.6140000000000e+000 1.5644862946434e+001
1.6160000000000e+000 1.5623010104512e+001
1.6180000000000e+000 1.5600850442697e+001
1.6200000000000e+000 1.5578404776740e+001
1.6220000000000e+000 1.5555693497857e+001
1.6240000000000e+000 1.5532736557978e+001
1.6260000000000e+000 1.5509553455610e+001
1.6280000000000e+000 1.5486163222326e+001
1.6300000000000e+000 1.5462584409914e+001
1.6320000000000e+000 1.5438835078184e+001
1.6340000000000e+000 1.5414932783464e+001
1.6360000000000e+000 1.5390894567799e+001
1.6380000000000e+000 1.5366736948871e+001
1.6400000000000e+000 1.5342475910643e+001
1.6420000000000e+000 1.5318126894752e+001
1.6440000000000e+000 1.5293704792653e+001
1.6460000000000e+000 1.5269223938530e+001
1.6480000000000e+000 1.5244698102984e+001
1.6500000000000e+000 1.5220140487509e+001
1.6520000000000e+000 1.5195563719770e+001
1.6540000000000e+000 1.5170979849698e+001
1.6560000000000e+000 1.5146400346409e+001
1.6580000000000e+000 1.5121836095960e+001
1.6600000000000e+000 1.5097297399949e+001
1.6620000000000e+000 1.5072793974960e+001
1.6640000000000e+000 1.5048334952870e+001
1.6660000000000e+000 1.5023928881993e+001
1.6680000000000e+000 1.4999583729096e+001
1.6700000000000e+000 1.4975306882260e+001
1.6720000000000e+000 1.4951105154616e+001
1.6740000000000e+000 1.4926984788945e+001
1.6760000000000e+000 1.4902951463157e+001
1.6780000000000e+000 1.4879010296651e+001
1.6800000000000e+000 1.4855165857558e+001
1.6820000000000e+000 1.4831422170866e+001
1.6840000000000e+000 1.4807782727424e+001
1.6860000000000e+000 1.4784250493806e+001
1.6880000000000e+000 1.4760827923046e+001
1.6900000000000e+000 1.4737516966209e+001
1.6920000000000e+000 1.4714319084817e+001
1.6940000000000e+000 1.4691235264115e+001
1.6960000000000e+000 1.4668266027178e+001
1.6980000000000e+000 1.4645411449858e+001
1.7000000000000e+000 1.4622671176583e+001
1.7020000000000e+000 1.4600044436980e+001
1.7040000000000e+000 1.4577530063331e+001
1.7060000000000e+000 1.4555126508831e+001
1.7080000000000e+000 1.4532831866627e+001
1.7100000000000e+000 1.4510643889629e+001
1.7120000000000e+000 1.4488560011048e+001
1.7140000000000e+000 1.4466577365668e+001
1.7160000000000e+000 1.4444692811835e+001
1.7180000000000e+000 1.4422902954161e+001
1.7200000000000e+000 1.4401204166934e+001
1.7220000000000e+000 1.4379592618250e+001
1.7240000000000e+000 1.4358064294824e+001
1.7260000000000e+000 1.4336615027480e+001
1.7280000000000e+000 1.4315240517278e+001
1.7300000000000e+000 1.4293936362234e+001
1.7320000000000e+000 1.4272698084599e+001
1.7340000000000e+000 1.4251521158666e+001
1.7360000000000e+000 1.4230401039077e+001
1.7380000000000e+000 1.4209333189632e+001
1.7400000000000e+000 1.4188313112585e+001
1.7420000000000e+000 1.4167336378438e+001
1.7440000000000e+000 1.4146398656218e+001
1.7460000000000e+000 1.4125495744221e+001
1.7480000000000e+000 1.4104623601185e+001
1.7500000000000e+000 1.4083778377839e+001
1.7520000000000e+000 1.4062956448766e+001
1.7540000000000e+000 1.4042154444530e+001
1.7560000000000e+000 1.4021369284019e+001
1.7580000000000e+000 1.4000598206966e+001
1.7600000000000e+000 1.3979838806654e+001
1.7620000000000e+000 1.3959089062814e+001
1.7640000000000e+000 1.3938347374712e+001
1.7660000000000e+000 1.3917612594454e+001
1.7680000000000e+000 1.3896884060456e+001
1.7700000000000e+000 1.3876161631062e+001
1.7720000000000e+000 1.3855445718195e+001
1.7740000000000e+000 1.3834737320966e+001
1.7760000000000e+000 1.3814038059148e+001
1.7780000000000e+000 1.3793350206444e+001
1.7800000000000e+000 1.3772676723542e+001
1.7820000000000e+000 1.3752021290966e+001
1.7840000000000e+000 1.3731388341777e+001
1.7860000000000e+000 1.3710783094164e+001
1.7880000000000e+000 1.3690211583949e+001
1.7900000000000e+000 1.3669680696956e+001
1.7920000000000e+000 1.3649198201161e+001
1.7940000000000e+000 1.3628772778482e+001
1.7960000000000e+000 1.3608414056078e+001
1.7980000000000e+000 1.3588132637041e+001
1.8000000000000e+000 1.3567940130432e+001
1.8020000000000e+000 1.3547849180663e+001
1.8040000000000e+000 1.3527873496298e+001
1.8060000000000e+000 1.3508027878336e+001
1.8080000000000e+000 1.3488328248073e+001
1.8100000000000e+000 1.3468791674560e+001
1.8120000000000e+000 1.3449436401626e+001
1.8140000000000e+000 1.3430281874360e+001
1.8160000000000e+000 1.3411348764866e+001
1.8180000000000e+000 1.3392658997094e+001
1.8200000000000e+000 1.3374235770546e+001
1.8220000000000e+000 1.3356103582758e+001
1.8240000000000e+000 1.3338288250577e+001
1.8260000000000e+000 1.3320816930391e+001
1.8280000000000e+000 1.3303718137551e+001
1.8300000000000e+000 1.3287021765226e+001
1.8320000000000e+000 1.3270759102822e+001
1.8340000000000e+000 1.3254962853860e+001
1.8360000000000e+000 1.3239667153078e+001
1.8380000000000e+000 1.3224907582298e+001
1.8400000000000e+000 1.3210721184683e+001
1.8420000000000e+000 1.3197146477109e+001
1.8440000000000e+000 1.3184223460658e+001
1.8460000000000e+000 1.3171993629504e+001
1.8480000000000e+000 1.3160499978644e+001
1.8500000000000e+000 1.3149787010929e+001
1.8520000000000e+000 1.3139900743695e+001
1.8540000000000e+000 1.3130888714963e+001
1.8560000000000e+000 1.3122799988877e+001
1.8580000000000e+000 1.3115685159803e+001
1.8600000000000e+000 1.3109596354573e+001
1.8620000000000e+000 1.3104587232514e+001
1.8640000000000e+000 1.3100712983246e+001
1.8660000000000e+000 1.3098030322376e+001
1.8680000000000e+000 1.3096597485369e+001
1.8700000000000e+000 1.3096474219889e+001
1.8720000000000e+000 1.3097721777078e+001
1.8740000000000e+000 1.3100402902324e+001
1.8760000000000e+000 1.3104581826053e+001
1.8780000000000e+000 1.3110324254625e+001
1.8800000000000e+000 1.3117697360708e+001
1.8820000000000e+000 1.3126769771773e+001
1.8840000000000e+000 1.3137611555142e+001
1.8860000000000e+000 1.3150294198579e+001
1.8880000000000e+000 1.3164890586603e+001
1.8900000000000e+000 1.3181474974036e+001
1.8920000000000e+000 1.3200122959082e+001
1.8940000000000e+000 1.3220911458038e+001
1.8960000000000e+000 1.3243918682538e+001
1.8980000000000e+000 1.3269224118570e+001
1.9000000000000e+000 1.3296908505065e+001
1.9020000000000e+000 1.3327053809337e+001
1.9040000000000e+000 1.3359743197213e+001
1.9060000000000e+000 1.3395060997158e+001
1.9080000000000e+000 1.3433092659403e+001
1.9100000000000e+000 1.3473924712406e+001
1.9120000000000e+000 1.3517644719379e+001
1.9140000000000e+000 1.3564341237029e+001
1.9160000000000e+000 1.3614103777357e+001
1.9180000000000e+000 1.3667022771799e+001
1.9200000000000e+000 1.3723189535704e+001
1.9220000000000e+000 1.3782696230412e+001
1.9240000000000e+000 1.3845635820122e+001
1.9260000000000e+000 1.3912102022198e+001
1.9280000000000e+000 1.3982189254031e+001
1.9300000000000e+000 1.4055992585230e+001
1.9320000000000e+000 1.4133607688979e+001
1.9340000000000e+000 1.4215130777960e+001
1.9360000000000e+000 1.4300658523889e+001
1.9380000000000e+000 1.4390287980092e+001
1.9400000000000e+000 1.4484116529740e+001
1.9420000000000e+000 1.4582241863688e+001
1.9440000000000e+000 1.4684761968066e+001
1.9460000000000e+000 1.4791775092395e+001
1.9480000000000e+000 1.4903379680131e+001
1.9500000000000e+000 1.5019674265447e+001
1.9520000000000e+000 1.5140757357803e+001
1.9540000000000e+000 1.5266727339620e+001
1.9560000000000e+000 1.5397682392657e+001
1.9580000000000e+000 1.5533720452944e+001
1.9600000000000e+000 1.5674939181219e+001
1.9620000000000e+000 1.5821435930971e+001
1.9640000000000e+000 1.5973307699625e+001
1.9660000000000e+000 1.6130651056705e+001
1.9680000000000e+000 1.6293562051580e+001
1.9700000000000e+000 1.6462136109212e+001
1.9720000000000e+000 1.6636467924057e+001
1.9740000000000e+000 1.6816651360324e+001
1.9760000000000e+000 1.7002779363003e+001
1.9780000000000e+000 1.7194943879871e+001
1.9800000000000e+000 1.7393235791637e+001
1.9820000000000e+000 1.7597744845722e+001
1.9840000000000e+000 1.7808559589123e+001
1.9860000000000e+000 1.8025767296678e+001
1.9880000000000e+000 1.8249453892512e+001
1.9900000000000e+000 1.8479703863842e+001
1.9920000000000e+000 1.8716600167491e+001
1.9940000000000e+000 1.8960224130137e+001
1.9960000000000e+000 1.9210655343646e+001
1.9980000000000e+000 1.9467971556761e+001
2.0000000000000e+000 1.0000000000000e+000
