TITLE = "FUNC"
VARIABLES = "X", "F"
ZONE I=1001, F=POINT
0.0000000000000e+000 3.9283972887855e+001
2.0000000000000e-003 3.8828712398797e+001
4.0000000000000e-003 3.8378386352900e+001
6.0000000000000e-003 3.7932953285053e+001
8.0000000000000e-003 3.7492363794966e+001
1.0000000000000e-002 3.7056568949450e+001
1.2000000000000e-002 3.6625520278888e+001
1.4000000000000e-002 3.6199169772128e+001
1.6000000000000e-002 3.5777469874237e+001
1.8000000000000e-002 3.5360373479842e+001
2.0000000000000e-002 3.4947833930876e+001
2.2000000000000e-002 3.4539805012030e+001
2.4000000000000e-002 3.4136240946586e+001
2.6000000000000e-002 3.3737096392705e+001
2.8000000000000e-002 3.3342326439256e+001
3.0000000000000e-002 3.2951886602406e+001
3.2000000000000e-002 3.2565732821677e+001
3.4000000000000e-002 3.2183821456644e+001
3.6000000000000e-002 3.1806109282273e+001
3.8000000000000e-002 3.1432553486310e+001
4.0000000000000e-002 3.1063111665064e+001
4.2000000000000e-002 3.0697741819824e+001
4.4000000000000e-002 3.0336402354003e+001
4.6000000000000e-002 2.9979052068946e+001
4.8000000000000e-002 2.9625650160348e+001
5.0000000000000e-002 2.9276156215369e+001
5.2000000000000e-002 2.8930530209026e+001
5.4000000000000e-002 2.8588732500445e+001
5.6000000000000e-002 2.8250723829948e+001
5.8000000000000e-002 2.7916465315497e+001
6.0000000000000e-002 2.7585918449202e+001
6.2000000000000e-002 2.7259045094541e+001
6.4000000000000e-002 2.6935807482753e+001
6.6000000000000e-002 2.6616168209454e+001
6.8000000000000e-002 2.6300090231801e+001
7.0000000000000e-002 2.5987536865252e+001
7.2000000000000e-002 2.5678471780199e+001
7.4000000000000e-002 2.5372858999007e+001
7.6000000000000e-002 2.5070662892979e+001
7.8000000000000e-002 2.4771848178784e+001
8.0000000000000e-002 2.4476379916399e+001
8.2000000000000e-002 2.4184223505058e+001
8.4000000000000e-002 2.3895344681141e+001
8.6000000000000e-002 2.3609709514233e+001
8.8000000000000e-002 2.3327284404961e+001
9.0000000000000e-002 2.3048036081941e+001
9.2000000000000e-002 2.2771931598498e+001
9.4000000000000e-002 2.2498938330368e+001
9.6000000000000e-002 2.2229023971976e+001
9.8000000000000e-002 2.1962156534577e+001
1.0000000000000e-001 2.1698304343010e+001
1.0200000000000e-001 2.1437436032654e+001
1.0400000000000e-001 2.1179520547199e+001
1.0600000000000e-001 2.0924527135355e+001
1.0800000000000e-001 2.0672425348700e+001
1.1000000000000e-001 2.0423185038490e+001
1.1200000000000e-001 2.0176776353298e+001
1.1400000000000e-001 1.9933169736183e+001
1.1600000000000e-001 1.9692335922000e+001
1.1800000000000e-001 1.9454245935205e+001
1.2000000000000e-001 1.9218871086676e+001
1.2200000000000e-001 1.8986182971623e+001
1.2400000000000e-001 1.8756153466734e+001
1.2600000000000e-001 1.8528754727645e+001
1.2800000000000e-001 1.8303959186755e+001
1.3000000000000e-001 1.8081739550382e+001
1.3200000000000e-001 1.7862068796504e+001
1.3400000000000e-001 1.7644920171977e+001
1.3600000000000e-001 1.7430267190671e+001
1.3800000000000e-001 1.7218083630491e+001
1.4000000000000e-001 1.7008343531216e+001
1.4200000000000e-001 1.6801021192281e+001
1.4400000000000e-001 1.6596091170010e+001
1.4600000000000e-001 1.6393528275663e+001
1.4800000000000e-001 1.6193307572979e+001
1.5000000000000e-001 1.5995404375732e+001
1.5200000000000e-001 1.5799794245541e+001
1.5400000000000e-001 1.5606452989716e+001
1.5600000000000e-001 1.5415356658860e+001
1.5800000000000e-001 1.5226481544617e+001
1.6000000000000e-001 1.5039804177441e+001
1.6200000000000e-001 1.4855301324668e+001
1.6400000000000e-001 1.4672949987832e+001
1.6600000000000e-001 1.4492727400797e+001
1.6800000000000e-001 1.4314611027785e+001
1.7000000000000e-001 1.4138578560821e+001
1.7200000000000e-001 1.3964607917777e+001
1.7400000000000e-001 1.3792677240471e+001
1.7600000000000e-001 1.3622764892099e+001
1.7800000000000e-001 1.3454849455710e+001
1.8000000000000e-001 1.3288909731735e+001
1.8200000000000e-001 1.3124924736027e+001
1.8400000000000e-001 1.2962873698091e+001
1.8600000000000e-001 1.2802736058526e+001
1.8800000000000e-001 1.2644491467692e+001
1.9000000000000e-001 1.2488119783161e+001
1.9200000000000e-001 1.2333601067865e+001
1.9400000000000e-001 1.2180915588467e+001
1.9600000000000e-001 1.2030043813060e+001
1.9800000000000e-001 1.1880966409222e+001
2.0000000000000e-001 1.1733664242411e+001
2.0200000000000e-001 1.1588118373623e+001
2.0400000000000e-001 1.1444310057979e+001
2.0600000000000e-001 1.1302220742498e+001
2.0800000000000e-001 1.1161832064219e+001
2.1000000000000e-001 1.1023125848629e+001
2.1200000000000e-001 1.0886084107653e+001
2.1400000000000e-001 1.0750689037713e+001
2.1600000000000e-001 1.0616923018125e+001
2.1800000000000e-001 1.0484768609126e+001
2.2000000000000e-001 1.0354208550251e+001
2.2200000000000e-001 1.0225225758428e+001
2.2400000000000e-001 1.0097803326226e+001
2.2600000000000e-001 9.9719245201801e+000
2.2800000000000e-001 9.8475727789565e+000
2.3000000000000e-001 9.7247317116176e+000
2.3200000000000e-001 9.6033850961602e+000
2.3400000000000e-001 9.4835168773996e+000
2.3600000000000e-001 9.3651111656157e+000
2.3800000000000e-001 9.2481522345755e+000
2.4000000000000e-001 9.1326245202500e+000
2.4200000000000e-001 9.0185126188219e+000
2.4400000000000e-001 8.9058012851598e+000
2.4600000000000e-001 8.7944754311522e+000
2.4800000000000e-001 8.6845201242025e+000
2.5000000000000e-001 8.5759205854727e+000
2.5200000000000e-001 8.4686621882948e+000
2.5400000000000e-001 8.3627304567069e+000
2.5600000000000e-001 8.2581110636137e+000
2.5800000000000e-001 8.1547898296563e+000
2.6000000000000e-001 8.0527527211577e+000
2.6200000000000e-001 7.9519858488947e+000
2.6400000000000e-001 7.8524754664675e+000
2.6600000000000e-001 7.7542079687728e+000
2.6800000000000e-001 7.6571698904641e+000
2.7000000000000e-001 7.5613479045278e+000
2.7200000000000e-001 7.4667288206681e+000
2.7400000000000e-001 7.3732995839112e+000
2.7600000000000e-001 7.2810472731416e+000
2.7800000000000e-001 7.1899590995406e+000
2.8000000000000e-001 7.1000224051709e+000
2.8200000000000e-001 7.0112246616516e+000
2.8400000000000e-001 6.9235534685339e+000
2.8600000000000e-001 6.8369965519899e+000
2.8800000000000e-001 6.7515417633279e+000
2.9000000000000e-001 6.6671770776807e+000
2.9200000000000e-001 6.5838905925278e+000
2.9400000000000e-001 6.5016705263696e+000
2.9600000000000e-001 6.4205052172500e+000
2.9800000000000e-001 6.3403831215211e+000
3.0000000000000e-001 6.2612928123478e+000
3.0200000000000e-001 6.1832229784828e+000
3.0400000000000e-001 6.1061624228378e+000
3.0600000000000e-001 6.0301000612377e+000
3.0800000000000e-001 5.9550249209457e+000
3.1000000000000e-001 5.8809261395606e+000
3.1200000000000e-001 5.8077929635594e+000
3.1400000000000e-001 5.7356147470031e+000
3.1600000000000e-001 5.6643809503917e+000
3.1800000000000e-001 5.5940811392214e+000
3.2000000000000e-001 5.5247049828011e+000
3.2200000000000e-001 5.4562422530241e+000
3.2400000000000e-001 5.3886828230085e+000
3.2600000000000e-001 5.3220166659831e+000
3.2800000000000e-001 5.2562338539799e+000
3.3000000000000e-001 5.1913245566471e+000
3.3200000000000e-001 5.1272790399480e+000
3.3400000000000e-001 5.0640876651277e+000
3.3600000000000e-001 5.0017408873456e+000
3.3800000000000e-001 4.9402292545651e+000
3.4000000000000e-001 4.8795434063748e+000
3.4200000000000e-001 4.8196740728076e+000
3.4400000000000e-001 4.7606120731764e+000
3.4600000000000e-001 4.7023483148896e+000
3.4800000000000e-001 4.6448737924115e+000
3.5000000000000e-001 4.5881795859882e+000
3.5200000000000e-001 4.5322568606107e+000
3.5400000000000e-001 4.4770968648800e+000
3.5600000000000e-001 4.4226909298589e+000
3.5800000000000e-001 4.3690304680072e+000
3.6000000000000e-001 4.3161069720674e+000
3.6200000000000e-001 4.2639120139826e+000
3.6400000000000e-001 4.2124372438557e+000
3.6600000000000e-001 4.1616743888078e+000
3.6800000000000e-001 4.1116152519928e+000
3.7000000000000e-001 4.0622517114737e+000
3.7200000000000e-001 4.0135757192160e+000
3.7400000000000e-001 3.9655793000644e+000
3.7600000000000e-001 3.9182545507367e+000
3.7800000000000e-001 3.8715936386859e+000
3.8000000000000e-001 3.8255888012220e+000
3.8200000000000e-001 3.7802323444545e+000
3.8400000000000e-001 3.7355166423031e+000
3.8600000000000e-001 3.6914341354707e+000
3.8800000000000e-001 3.6479773305731e+000
3.9000000000000e-001 3.6051387990559e+000
3.9200000000000e-001 3.5629111762719e+000
3.9400000000000e-001 3.5212871605604e+000
3.9600000000000e-001 3.4802595122660e+000
3.9800000000000e-001 3.4398210528152e+000
4.0000000000000e-001 3.3999646637736e+000
4.0200000000000e-001 3.3606832859426e+000
4.0400000000000e-001 3.3219699184482e+000
4.0600000000000e-001 3.2838176178326e+000
4.0800000000000e-001 3.2462194971411e+000
4.1000000000000e-001 3.2091687250674e+000
4.1200000000000e-001 3.1726585250531e+000
4.1400000000000e-001 3.1366821744341e+000
4.1600000000000e-001 3.1012330035524e+000
4.1800000000000e-001 3.0663043949532e+000
4.2000000000000e-001 3.0318897824393e+000
4.2200000000000e-001 2.9979826503754e+000
4.2400000000000e-001 2.9645765327255e+000
4.2600000000000e-001 2.9316650123189e+000
4.2800000000000e-001 2.8992417200197e+000
4.3000000000000e-001 2.8673003338829e+000
4.3200000000000e-001 2.8358345784234e+000
4.3400000000000e-001 2.8048382237807e+000
4.3600000000000e-001 2.7743050849578e+000
4.3800000000000e-001 2.7442290210546e+000
4.4000000000000e-001 2.7146039345213e+000
4.4200000000000e-001 2.6854237703614e+000
4.4400000000000e-001 2.6566825154367e+000
4.4600000000000e-001 2.6283741977016e+000
4.4800000000000e-001 2.6004928854809e+000
4.5000000000000e-001 2.5730326867774e+000
4.5200000000000e-001 2.5459877485406e+000
4.5400000000000e-001 2.5193522559548e+000
4.5600000000000e-001 2.4931204317662e+000
4.5800000000000e-001 2.4672865356137e+000
4.6000000000000e-001 2.4418448633188e+000
4.6200000000000e-001 2.4167897462457e+000
4.6400000000000e-001 2.3921155506371e+000
4.6600000000000e-001 2.3678166769826e+000
4.6800000000000e-001 2.3438875593543e+000
4.7000000000000e-001 2.3203226647943e+000
4.7200000000000e-001 2.2971164926897e+000
4.7400000000000e-001 2.2742635741686e+000
4.7600000000000e-001 2.2517584714896e+000
4.7800000000000e-001 2.2295957774537e+000
4.8000000000000e-001 2.2077701148249e+000
4.8200000000000e-001 2.1862761357509e+000
4.8400000000000e-001 2.1651085211870e+000
4.8600000000000e-001 2.1442619803731e+000
4.8800000000000e-001 2.1237312502580e+000
4.9000000000000e-001 2.1035110949761e+000
4.9200000000000e-001 2.0835963053176e+000
4.9400000000000e-001 2.0639816982106e+000
4.9600000000000e-001 2.0446621162235e+000
4.9800000000000e-001 2.0256324270544e+000
5.0000000000000e-001 2.0068875230426e+000
5.0200000000000e-001 1.9884223207076e+000
5.0400000000000e-001 1.9702317602590e+000
5.0600000000000e-001 1.9523108051624e+000
5.0800000000000e-001 1.9346544416652e+000
5.1000000000000e-001 1.9172576783783e+000
5.1200000000000e-001 1.9001155458489e+000
5.1400000000000e-001 1.8832230961252e+000
5.1600000000000e-001 1.8665754023556e+000
5.1800000000000e-001 1.8501675584110e+000
5.2000000000000e-001 1.8339946784704e+000
5.2200000000000e-001 1.8180518966664e+000
5.2400000000000e-001 1.8023343667057e+000
5.2600000000000e-001 1.7868372615302e+000
5.2800000000000e-001 1.7715557729375e+000
5.3000000000000e-001 1.7564851113047e+000
5.3200000000000e-001 1.7416205052119e+000
5.3400000000000e-001 1.7269572011591e+000
5.3600000000000e-001 1.7124904632630e+000
5.3800000000000e-001 1.6982155729584e+000
5.4000000000000e-001 1.6841278287372e+000
5.4200000000000e-001 1.6702225458503e+000
5.4400000000000e-001 1.6564950560899e+000
5.4600000000000e-001 1.6429407075150e+000
5.4800000000000e-001 1.6295548642391e+000
5.5000000000000e-001 1.6163329062038e+000
5.5200000000000e-001 1.6032702289488e+000
5.5400000000000e-001 1.5903622434515e+000
5.5600000000000e-001 1.5776043759139e+000
5.5800000000000e-001 1.5649920675868e+000
5.6000000000000e-001 1.5525207746388e+000
5.6200000000000e-001 1.5401859679636e+000
5.6400000000000e-001 1.5279831330718e+000
5.6600000000000e-001 1.5159077699552e+000
5.6800000000000e-001 1.5039553929830e+000
5.7000000000000e-001 1.4921215307807e+000
5.7200000000000e-001 1.4804017261652e+000
5.7400000000000e-001 1.4687915360504e+000
5.7600000000000e-001 1.4572865313987e+000
5.7800000000000e-001 1.4458822971556e+000
5.8000000000000e-001 1.4345744322290e+000
5.8200000000000e-001 1.4233585494527e+000
5.8400000000000e-001 1.4122302755791e+000
5.8600000000000e-001 1.4011852512838e+000
5.8800000000000e-001 1.3902191311707e+000
5.9000000000000e-001 1.3793275838092e+000
5.9200000000000e-001 1.3685062917723e+000
5.9400000000000e-001 1.3577509516936e+000
5.9600000000000e-001 1.3470572743312e+000
5.9800000000000e-001 1.3364209846506e+000
6.0000000000000e-001 1.3258378219298e+000
6.0200000000000e-001 1.3153035398482e+000
6.0400000000000e-001 1.3048139066302e+000
6.0600000000000e-001 1.2943647051769e+000
6.0800000000000e-001 1.2839517332048e+000
6.1000000000000e-001 1.2735708034253e+000
6.1200000000000e-001 1.2632177437185e+000
6.1400000000000e-001 1.2528883973255e+000
6.1600000000000e-001 1.2425786230568e+000
6.1800000000000e-001 1.2322842955176e+000
6.2000000000000e-001 1.2220013053347e+000
6.2200000000000e-001 1.2117255594225e+000
6.2400000000000e-001 1.2014529812282e+000
6.2600000000000e-001 1.1911795110260e+000
6.2800000000000e-001 1.1809011062121e+000
6.3000000000000e-001 1.1706137416040e+000
6.3200000000000e-001 1.1603134097713e+000
6.3400000000000e-001 1.1499961213744e+000
6.3600000000000e-001 1.1396579055085e+000
6.3800000000000e-001 1.1292948100834e+000
6.4000000000000e-001 1.1189029022023e+000
6.4200000000000e-001 1.1084782685598e+000
6.4400000000000e-001 1.0980170158455e+000
6.4600000000000e-001 1.0875152711923e+000
6.4800000000000e-001 1.0769691825984e+000
6.5000000000000e-001 1.0663749193951e+000
6.5200000000000e-001 1.0557286727192e+000
6.5400000000000e-001 1.0450266560080e+000
6.5600000000000e-001 1.0342651054745e+000
6.5800000000000e-001 1.0234402806654e+000
6.6000000000000e-001 1.0125484649617e+000
6.6200000000000e-001 1.0015859661381e+000
6.6400000000000e-001 9.9054911693527e-001
6.6600000000000e-001 9.7943427562232e-001
6.6800000000000e-001 9.6823782659745e-001
6.7000000000000e-001 9.5695618099797e-001
6.7200000000000e-001 9.4558577731860e-001
6.7400000000000e-001 9.3412308205514e-001
6.7600000000000e-001 9.2256459034712e-001
6.7800000000000e-001 9.1090682666087e-001
6.8000000000000e-001 8.9914634545524e-001
6.8200000000000e-001 8.8727973188759e-001
6.8400000000000e-001 8.7530360253244e-001
6.8600000000000e-001 8.6321460608793e-001
6.8800000000000e-001 8.5100942413515e-001
6.9000000000000e-001 8.3868477188890e-001
6.9200000000000e-001 8.2623739896441e-001
6.9400000000000e-001 8.1366409015625e-001
6.9600000000000e-001 8.0096166625012e-001
6.9800000000000e-001 7.8812698481789e-001
7.0000000000000e-001 7.7515694106231e-001
7.0200000000000e-001 7.6204846863760e-001
7.0400000000000e-001 7.4879854051677e-001
7.0600000000000e-001 7.3540416985034e-001
7.0800000000000e-001 7.2186241085494e-001
7.1000000000000e-001 7.0817035969627e-001
7.1200000000000e-001 6.9432515540160e-001
7.1400000000000e-001 6.8032398078260e-001
7.1600000000000e-001 6.6616406335131e-001
7.1800000000000e-001 6.5184267628721e-001
7.2000000000000e-001 6.3735713938182e-001
7.2200000000000e-001 6.2270482000578e-001
7.2400000000000e-001 6.0788313408812e-001
7.2600000000000e-001 5.9288954712324e-001
7.2800000000000e-001 5.7772157516841e-001
7.3000000000000e-001 5.6237678583600e-001
7.3200000000000e-001 5.4685279936035e-001
7.3400000000000e-001 5.3114728960392e-001
7.3600000000000e-001 5.1525798512066e-001
7.3800000000000e-001 4.9918267020638e-001
7.4000000000000e-001 4.8291918596129e-001
7.4200000000000e-001 4.6646543139413e-001
7.4400000000000e-001 4.4981936446302e-001
7.4600000000000e-001 4.3297900321516e-001
7.4800000000000e-001 4.1594242687626e-001
7.5000000000000e-001 3.9870777694857e-001
7.5200000000000e-001 3.8127325835413e-001
7.5400000000000e-001 3.6363714054494e-001
7.5600000000000e-001 3.4579775866003e-001
7.5800000000000e-001 3.2775351464440e-001
7.6000000000000e-001 3.0950287842856e-001
7.6200000000000e-001 2.9104438904574e-001
7.6400000000000e-001 2.7237665583667e-001
7.6600000000000e-001 2.5349835957797e-001
7.6800000000000e-001 2.3440825369734e-001
7.7000000000000e-001 2.1510516540289e-001
7.7200000000000e-001 1.9558799690435e-001
7.7400000000000e-001 1.7585572658404e-001
7.7600000000000e-001 1.5590741017906e-001
7.7800000000000e-001 1.3574218198954e-001
7.8000000000000e-001 1.1535925605478e-001
7.8200000000000e-001 9.4757927370133e-002
7.8400000000000e-001 7.3937573062330e-002
7.8600000000000e-001 5.2897653616754e-002
7.8800000000000e-001 3.1637714041459e-002
7.9000000000000e-001 1.0157385117900e-002
7.9200000000000e-001 -1.1543615458486e-002
7.9400000000000e-001 -3.3465481837948e-002
7.9600000000000e-001 -5.5608318828143e-002
7.9800000000000e-001 -7.7972140712784e-002
8.0000000000000e-001 -1.0055687003734e-001
8.0200000000000e-001 -1.2336233643027e-001
8.0400000000000e-001 -1.4638827542865e-001
8.0600000000000e-001 -1.6963432726384e-001
8.0800000000000e-001 -1.9310003572526e-001
8.1000000000000e-001 -2.1678484695125e-001
8.1200000000000e-001 -2.4068810829114e-001
8.1400000000000e-001 -2.6480906712128e-001
8.1600000000000e-001 -2.8914686971745e-001
8.1800000000000e-001 -3.1370056009176e-001
8.2000000000000e-001 -3.3846907886159e-001
8.2200000000000e-001 -3.6345126212811e-001
8.2400000000000e-001 -3.8864584034955e-001
8.2600000000000e-001 -4.1405143724315e-001
8.2800000000000e-001 -4.3966656866797e-001
8.3000000000000e-001 -4.6548964157886e-001
8.3200000000000e-001 -4.9151895291193e-001
8.3400000000000e-001 -5.1775268854019e-001
8.3600000000000e-001 -5.4418892224579e-001
8.3800000000000e-001 -5.7082561465312e-001
8.4000000000000e-001 -5.9766061222960e-001
8.4200000000000e-001 -6.2469164628567e-001
8.4400000000000e-001 -6.5191633199374e-001
8.4600000000000e-001 -6.7933216739858e-001
8.4800000000000e-001 -7.0693653247619e-001
8.5000000000000e-001 -7.3472668820664e-001
8.5200000000000e-001 -7.6269977564332e-001
8.5400000000000e-001 -7.9085281504219e-001
8.5600000000000e-001 -8.1918270496487e-001
8.5800000000000e-001 -8.4768622143818e-001
8.6000000000000e-001 -8.7636001710849e-001
8.6200000000000e-001 -9.0520062044196e-001
8.6400000000000e-001 -9.3420443495612e-001
8.6600000000000e-001 -9.6336773840622e-001
8.6800000000000e-001 -9.9268668210528e-001
8.7000000000000e-001 -1.0221572901738e+000
8.7200000000000e-001 -1.0517754588622e+000
8.7400000000000e-001 -1.0815369559016e+000
8.7600000000000e-001 -1.1114374198380e+000
8.7800000000000e-001 -1.1414723594897e+000
8.8000000000000e-001 -1.1716371533018e+000
8.8200000000000e-001 -1.2019270488432e+000
8.8400000000000e-001 -1.2323371622758e+000
8.8600000000000e-001 -1.2628624778705e+000
8.8800000000000e-001 -1.2934978475647e+000
8.9000000000000e-001 -1.3242379905201e+000
8.9200000000000e-001 -1.3550774927464e+000
8.9400000000000e-001 -1.3860108067417e+000
8.9600000000000e-001 -1.4170322511879e+000
8.9800000000000e-001 -1.4481360106552e+000
9.0000000000000e-001 -1.4793161353336e+000
9.0200000000000e-001 -1.5105665408504e+000
9.0400000000000e-001 -1.5418810080815e+000
9.0600000000000e-001 -1.5732531830192e+000
9.0800000000000e-001 -1.6046765766477e+000
9.1000000000000e-001 -1.6361445649184e+000
9.1200000000000e-001 -1.6676503887189e+000
9.1400000000000e-001 -1.6991871538714e+000
9.1600000000000e-001 -1.7307478312155e+000
9.1800000000000e-001 -1.7623252567024e+000
9.2000000000000e-001 -1.7939121315352e+000
9.2200000000000e-001 -1.8255010223803e+000
9.2400000000000e-001 -1.8570843615725e+000
9.2600000000000e-001 -1.8886544473871e+000
9.2800000000000e-001 -1.9202034443767e+000
9.3000000000000e-001 -1.9517233837470e+000
9.3200000000000e-001 -1.9832061637307e+000
9.3400000000000e-001 -2.0146435500742e+000
9.3600000000000e-001 -2.0460271765253e+000
9.3800000000000e-001 -2.0773485454213e+000
9.4000000000000e-001 -2.1085990282218e+000
9.4200000000000e-001 -2.1397698662141e+000
9.4400000000000e-001 -2.1708521712009e+000
9.4600000000000e-001 -2.2018369262231e+000
9.4800000000000e-001 -2.2327149863804e+000
9.5000000000000e-001 -2.2634770796646e+000
9.5200000000000e-001 -2.2941138078728e+000
9.5400000000000e-001 -2.3246156475327e+000
9.5600000000000e-001 -2.3549729509381e+000
9.5800000000000e-001 -2.3851759471680e+000
9.6000000000000e-001 -2.4152147432097e+000
9.6200000000000e-001 -2.4450793251222e+000
9.6400000000000e-001 -2.4747595592303e+000
9.6600000000000e-001 -2.5042451934172e+000
9.6800000000000e-001 -2.5335258584131e+000
9.7000000000000e-001 -2.5625910691990e+000
9.7200000000000e-001 -2.5914302264132e+000
9.7400000000000e-001 -2.6200326178477e+000
9.7600000000000e-001 -2.6483874199894e+000
9.7800000000000e-001 -2.6764836996056e+000
9.8000000000000e-001 -2.7043104153888e+000
9.8200000000000e-001 -2.7318564196867e+000
9.8400000000000e-001 -2.7591104602353e+000
9.8600000000000e-001 -2.7860611819981e+000
9.8800000000000e-001 -2.8126971290286e+000
9.9000000000000e-001 -2.8390067464143e+000
9.9200000000000e-001 -2.8649783822441e+000
9.9400000000000e-001 -2.8906002896853e+000
9.9600000000000e-001 -2.9158606290386e+000
9.9800000000000e-001 -2.9407474699539e+000
1.0000000000000e+000 -2.9652487935948e+000
1.0020000000000e+000 -2.9893524949396e+000
1.0040000000000e+000 -3.0130463851037e+000
1.0060000000000e+000 -3.0363181937271e+000
1.0080000000000e+000 -3.0591555714140e+000
1.0100000000000e+000 -3.0815460922403e+000
1.0120000000000e+000 -3.1034772562961e+000
1.0140000000000e+000 -3.1249364923300e+000
1.0160000000000e+000 -3.1459111603863e+000
1.0180000000000e+000 -3.1663885545494e+000
1.0200000000000e+000 -3.1863559057186e+000
1.0220000000000e+000 -3.2058003844723e+000
1.0240000000000e+000 -3.2247091039219e+000
1.0260000000000e+000 -3.2430691226963e+000
1.0280000000000e+000 -3.2608674479344e+000
1.0300000000000e+000 -3.2780910383546e+000
1.0320000000000e+000 -3.2947268073617e+000
1.0340000000000e+000 -3.3107616262250e+000
1.0360000000000e+000 -3.3261823273053e+000
1.0380000000000e+000 -3.3409757073224e+000
1.0400000000000e+000 -3.3551285307030e+000
1.0420000000000e+000 -3.3686275329567e+000
1.0440000000000e+000 -3.3814594241144e+000
1.0460000000000e+000 -3.3936108922231e+000
1.0480000000000e+000 -3.4050686068834e+000
1.0500000000000e+000 -3.4158192228455e+000
1.0520000000000e+000 -3.4258493836511e+000
1.0540000000000e+000 -3.4351457253294e+000
1.0560000000000e+000 -3.4436948801366e+000
1.0580000000000e+000 -3.4514834803510e+000
1.0600000000000e+000 -3.4584981621121e+000
1.0620000000000e+000 -3.4647255693100e+000
1.0640000000000e+000 -3.4701523575196e+000
1.0660000000000e+000 -3.4747651979818e+000
1.0680000000000e+000 -3.4785507816278e+000
1.0700000000000e+000 -3.4814958231597e+000
1.0720000000000e+000 -3.4835870651530e+000
1.0740000000000e+000 -3.4848112822269e+000
1.0760000000000e+000 -3.4851552852407e+000
1.0780000000000e+000 -3.4846059255381e+000
1.0800000000000e+000 -3.4831500992309e+000
1.0820000000000e+000 -3.4807747515238e+000
1.0840000000000e+000 -3.4774668810776e+000
1.0860000000000e+000 -3.4732135444095e+000
1.0880000000000e+000 -3.4680018603343e+000
1.0900000000000e+000 -3.4618190144337e+000
1.0920000000000e+000 -3.4546522635743e+000
1.0940000000000e+000 -3.4464889404440e+000
1.0960000000000e+000 -3.4373164581342e+000
1.0980000000000e+000 -3.4271223147502e+000
1.1000000000000e+000 -3.4158940980504e+000
1.1020000000000e+000 -3.4036194901197e+000
1.1040000000000e+000 -3.3902862720610e+000
1.1060000000000e+000 -3.3758823287403e+000
1.1080000000000e+000 -3.3603956535256e+000
1.1100000000000e+000 -3.3438143530757e+000
1.1120000000000e+000 -3.3261266521424e+000
1.1140000000000e+000 -3.3073208983940e+000
1.1160000000000e+000 -3.2873855672789e+000
1.1180000000000e+000 -3.2663092668769e+000
1.1200000000000e+000 -3.2440807428095e+000
1.1220000000000e+000 -3.2206888831336e+000
1.1240000000000e+000 -3.1961227232712e+000
1.1260000000000e+000 -3.1703714509536e+000
1.1280000000000e+000 -3.1434244111700e+000
1.1300000000000e+000 -3.1152711111454e+000
1.1320000000000e+000 -3.0859012253078e+000
1.1340000000000e+000 -3.0553046002982e+000
1.1360000000000e+000 -3.0234712599351e+000
1.1380000000000e+000 -2.9903914102666e+000
1.1400000000000e+000 -2.9560554445328e+000
1.1420000000000e+000 -2.9204539482366e+000
1.1440000000000e+000 -2.8835777041176e+000
1.1460000000000e+000 -2.8454176971924e+000
1.1480000000000e+000 -2.8059651197790e+000
1.1500000000000e+000 -2.7652113765084e+000
1.1520000000000e+000 -2.7231480893616e+000
1.1540000000000e+000 -2.6797671026663e+000
1.1560000000000e+000 -2.6350604881188e+000
1.1580000000000e+000 -2.5890205497363e+000
1.1600000000000e+000 -2.5416398289277e+000
1.1620000000000e+000 -2.4929111094307e+000
1.1640000000000e+000 -2.4428274222628e+000
1.1660000000000e+000 -2.3913820507235e+000
1.1680000000000e+000 -2.3385685352980e+000
1.1700000000000e+000 -2.2843806785858e+000
1.1720000000000e+000 -2.2288125502267e+000
1.1740000000000e+000 -2.1718584917868e+000
1.1760000000000e+000 -2.1135131215728e+000
1.1780000000000e+000 -2.0537713395635e+000
1.1800000000000e+000 -1.9926283321148e+000
1.1820000000000e+000 -1.9300795768562e+000
1.1840000000000e+000 -1.8661208473908e+000
1.1860000000000e+000 -1.8007482180185e+000
1.1880000000000e+000 -1.7339580684894e+000
1.1900000000000e+000 -1.6657470886215e+000
1.1920000000000e+000 -1.5961122829915e+000
1.1940000000000e+000 -1.5250509754275e+000
1.1960000000000e+000 -1.4525608137209e+000
1.1980000000000e+000 -1.3786397740183e+000
1.2000000000000e+000 -1.3032861653078e+000
1.2020000000000e+000 -1.2264986339501e+000
1.2040000000000e+000 -1.1482761679907e+000
1.2060000000000e+000 -1.0686181015282e+000
1.2080000000000e+000 -9.8752411897135e-001
1.2100000000000e+000 -9.0499425938612e-001
1.2120000000000e+000 -8.2102892057578e-001
1.2140000000000e+000 -7.3562886331036e-001
1.2160000000000e+000 -6.4879521537514e-001
1.2180000000000e+000 -5.6052947561280e-001
1.2200000000000e+000 -4.7083351788557e-001
1.2220000000000e+000 -3.7970959505806e-001
1.2240000000000e+000 -2.8716034273030e-001
1.2260000000000e+000 -1.9318878315133e-001
1.2280000000000e+000 -9.7798328914378e-002
1.2300000000000e+000 -9.9278655435464e-004
1.2320000000000e+000 9.7223639798638e-002
1.2340000000000e+000 1.9684634482847e-001
1.2360000000000e+000 2.9787031872314e-001
1.2380000000000e+000 4.0029014368798e-001
1.2400000000000e+000 5.0409999066692e-001
1.2420000000000e+000 6.0929361605022e-001
1.2440000000000e+000 7.1586435860738e-001
1.2460000000000e+000 8.2380513635044e-001
1.2480000000000e+000 9.3310844353695e-001
1.2500000000000e+000 1.0437663477761e+000
1.2520000000000e+000 1.1557704871525e+000
1.2540000000000e+000 1.2691120674958e+000
1.2560000000000e+000 1.3837818596575e+000
1.2580000000000e+000 1.4997701970574e+000
1.2600000000000e+000 1.6170669730545e+000
1.2620000000000e+000 1.7356616386216e+000
1.2640000000000e+000 1.8555432000078e+000
1.2660000000000e+000 1.9767002165452e+000
1.2680000000000e+000 2.0991207984808e+000
1.2700000000000e+000 2.2227926049431e+000
1.2720000000000e+000 2.3477028420205e+000
1.2740000000000e+000 2.4738382610398e+000
1.2760000000000e+000 2.6011851566449e+000
1.2780000000000e+000 2.7297293652556e+000
1.2800000000000e+000 2.8594562635278e+000
1.2820000000000e+000 2.9903507669030e+000
1.2840000000000e+000 3.1223973283034e+000
1.2860000000000e+000 3.2555799368977e+000
1.2880000000000e+000 3.3898821170109e+000
1.2900000000000e+000 3.5252869270141e+000
1.2920000000000e+000 3.6617769586175e+000
1.2940000000000e+000 3.7993343358703e+000
1.2960000000000e+000 3.9379407145781e+000
1.2980000000000e+000 4.0775772817761e+000
1.3000000000000e+000 4.2182247552217e+000
1.3020000000000e+000 4.3598633830411e+000
1.3040000000000e+000 4.5024729435558e+000
1.3060000000000e+000 4.6460327451023e+000
1.3080000000000e+000 4.7905216261079e+000
1.3100000000000e+000 4.9359179551539e+000
1.3120000000000e+000 5.0821996312594e+000
1.3140000000000e+000 5.2293440842635e+000
1.3160000000000e+000 5.3773282751510e+000
1.3180000000000e+000 5.5261286969407e+000
1.3200000000000e+000 5.6757213751021e+000
1.3220000000000e+000 5.8260818685887e+000
1.3240000000000e+000 5.9771852707405e+000
1.3260000000000e+000 6.1290062104216e+000
1.3280000000000e+000 6.2815188531865e+000
1.3300000000000e+000 6.4346969025700e+000
1.3320000000000e+000 6.5885136017046e+000
1.3340000000000e+000 6.7429417347636e+000
1.3360000000000e+000 6.8979536287234e+000
1.3380000000000e+000 7.0535211553063e+000
1.3400000000000e+000 7.2096157327506e+000
1.3420000000000e+000 7.3662083280857e+000
1.3440000000000e+000 7.5232694592559e+000
1.3460000000000e+000 7.6807691974795e+000
1.3480000000000e+000 7.8386771698441e+000
1.3500000000000e+000 7.9969625617765e+000
1.3520000000000e+000 8.1555941198047e+000
1.3540000000000e+000 8.3145401545207e+000
1.3560000000000e+000 8.4737685434877e+000
1.3580000000000e+000 8.6332467343492e+000
1.3600000000000e+000 8.7929417482147e+000
1.3620000000000e+000 8.9528201828795e+000
1.3640000000000e+000 9.1128482163916e+000
1.3660000000000e+000 9.2729916108328e+000
1.3680000000000e+000 9.4332157159482e+000
1.3700000000000e+000 9.5934854730251e+000
1.3720000000000e+000 9.7537654190766e+000
1.3740000000000e+000 9.9140196908112e+000
1.3760000000000e+000 1.0074212029157e+001
1.3780000000000e+000 1.0234305783424e+001
1.3800000000000e+000 1.0394263916025e+001
1.3820000000000e+000 1.0554049007169e+001
1.3840000000000e+000 1.0713623259551e+001
1.3860000000000e+000 1.0872948503278e+001
1.3880000000000e+000 1.1031986201143e+001
1.3900000000000e+000 1.1190697453554e+001
1.3920000000000e+000 1.1349043003941e+001
1.3940000000000e+000 1.1506983244314e+001
1.3960000000000e+000 1.1664478220541e+001
1.3980000000000e+000 1.1821487638383e+001
1.4000000000000e+000 1.1977970869048e+001
1.4020000000000e+000 1.2133886955271e+001
1.4040000000000e+000 1.2289194617279e+001
1.4060000000000e+000 1.2443852259035e+001
1.4080000000000e+000 1.2597817974476e+001
1.4100000000000e+000 1.2751049554088e+001
1.4120000000000e+000 1.2903504491235e+001
1.4140000000000e+000 1.3055139988977e+001
1.4160000000000e+000 1.3205912966795e+001
1.4180000000000e+000 1.3355780067531e+001
1.4200000000000e+000 1.3504697664299e+001
1.4220000000000e+000 1.3652621867762e+001
1.4240000000000e+000 1.3799508533280e+001
1.4260000000000e+000 1.3945313268225e+001
1.4280000000000e+000 1.4089991439606e+001
1.4300000000000e+000 1.4233498181492e+001
1.4320000000000e+000 1.4375788402819e+001
1.4340000000000e+000 1.4516816795096e+001
1.4360000000000e+000 1.4656537840378e+001
1.4380000000000e+000 1.4794905819272e+001
1.4400000000000e+000 1.4931874819074e+001
1.4420000000000e+000 1.5067398741866e+001
1.4440000000000e+000 1.5201431312992e+001
1.4460000000000e+000 1.5333926089461e+001
1.4480000000000e+000 1.5464836468443e+001
1.4500000000000e+000 1.5594115695843e+001
1.4520000000000e+000 1.5721716875208e+001
1.4540000000000e+000 1.5847592976216e+001
1.4560000000000e+000 1.5971696843982e+001
1.4580000000000e+000 1.6093981207742e+001
1.4600000000000e+000 1.6214398690172e+001
1.4620000000000e+000 1.6332901816477e+001
1.4640000000000e+000 1.6449443023564e+001
1.4660000000000e+000 1.6563974669655e+001
1.4680000000000e+000 1.6676449043490e+001
1.4700000000000e+000 1.6786818373998e+001
1.4720000000000e+000 1.6895034839773e+001
1.4740000000000e+000 1.7001050579009e+001
1.4760000000000e+000 1.7104817698996e+001
1.4780000000000e+000 1.7206288286060e+001
1.4800000000000e+000 1.7305414415594e+001
1.4820000000000e+000 1.7402148161830e+001
1.4840000000000e+000 1.7496441608089e+001
1.4860000000000e+000 1.7588246856826e+001
1.4880000000000e+000 1.7677516039837e+001
1.4900000000000e+000 1.7764201328464e+001
1.4920000000000e+000 1.7848254944094e+001
1.4940000000000e+000 1.7929629168259e+001
1.4960000000000e+000 1.8008276353437e+001
1.4980000000000e+000 1.8084148933166e+001
1.5000000000000e+000 1.8157199432902e+001
1.5020000000000e+000 1.8227380480490e+001
1.5040000000000e+000 1.8294644816844e+001
1.5060000000000e+000 1.8358945306669e+001
1.5080000000000e+000 1.8420234949176e+001
1.5100000000000e+000 1.8478466888953e+001
1.5120000000000e+000 1.8533594426728e+001
1.5140000000000e+000 1.8585571030329e+001
1.5160000000000e+000 1.8634350345527e+001
1.5180000000000e+000 1.8679886207025e+001
1.5200000000000e+000 1.8722132649505e+001
1.5220000000000e+000 1.8761043918552e+001
1.5240000000000e+000 1.8796574481773e+001
1.5260000000000e+000 1.8828679039840e+001
1.5280000000000e+000 1.8857312537642e+001
1.5300000000000e+000 1.8882430175355e+001
1.5320000000000e+000 1.8903987419631e+001
1.5340000000000e+000 1.8921940014741e+001
1.5360000000000e+000 1.8936243993786e+001
1.5380000000000e+000 1.8946855689848e+001
1.5400000000000e+000 1.8953731747241e+001
1.5420000000000e+000 1.8956829132723e+001
1.5440000000000e+000 1.8956105146686e+001
1.5460000000000e+000 1.8951517434418e+001
1.5480000000000e+000 1.8943023997327e+001
1.5500000000000e+000 1.8930583204159e+001
1.5520000000000e+000 1.8914153802245e+001
1.5540000000000e+000 1.8893694928719e+001
1.5560000000000e+000 1.8869166121732e+001
1.5580000000000e+000 1.8840527331671e+001
1.5600000000000e+000 1.8807738932327e+001
1.5620000000000e+000 1.8770761732121e+001
1.5640000000000e+000 1.8729556985220e+001
1.5660000000000e+000 1.8684086402725e+001
1.5680000000000e+000 1.8634312163778e+001
1.5700000000000e+000 1.8580196926644e+001
1.5720000000000e+000 1.8521703839841e+001
1.5740000000000e+000 1.8458796553145e+001
1.5760000000000e+000 1.8391439228604e+001
1.5780000000000e+000 1.8319596551592e+001
1.5800000000000e+000 1.8243233741673e+001
1.5820000000000e+000 1.8162316563552e+001
1.5840000000000e+000 1.8076811337947e+001
1.5860000000000e+000 1.7986684952443e+001
1.5880000000000e+000 1.7891904872180e+001
1.5900000000000e+000 1.7792439150760e+001
1.5920000000000e+000 1.7688256440756e+001
1.5940000000000e+000 1.7579326004477e+001
1.5960000000000e+000 1.7465617724484e+001
1.5980000000000e+000 1.7347102114165e+001
1.6000000000000e+000 1.7223750328234e+001
1.6020000000000e+000 1.7095534172951e+001
1.6040000000000e+000 1.6962426116762e+001
1.6060000000000e+000 1.6824399300397e+001
1.6080000000000e+000 1.6681427547016e+001
1.6100000000000e+000 1.6533485372575e+001
1.6120000000000e+000 1.6380547995611e+001
1.6140000000000e+000 1.6222591347537e+001
1.6160000000000e+000 1.6059592082361e+001
1.6180000000000e+000 1.5891527586589e+001
1.6200000000000e+000 1.5718375989016e+001
1.6220000000000e+000 1.5540116170304e+001
1.6240000000000e+000 1.5356727772822e+001
1.6260000000000e+000 1.5168191209752e+001
1.6280000000000e+000 1.4974487674915e+001
1.6300000000000e+000 1.4775599151779e+001
1.6320000000000e+000 1.4571508422850e+001
1.6340000000000e+000 1.4362199078771e+001
1.6360000000000e+000 1.4147655527249e+001
1.6380000000000e+000 1.3927863002278e+001
1.6400000000000e+000 1.3702807572707e+001
1.6420000000000e+000 1.3472476151064e+001
1.6440000000000e+000 1.3236856501980e+001
1.6460000000000e+000 1.2995937251306e+001
1.6480000000000e+000 1.2749707893764e+001
1.6500000000000e+000 1.2498158801652e+001
1.6520000000000e+000 1.2241281233019e+001
1.6540000000000e+000 1.1979067339421e+001
1.6560000000000e+000 1.1711510174525e+001
1.6580000000000e+000 1.1438603700869e+001
1.6600000000000e+000 1.1160342798675e+001
1.6620000000000e+000 1.0876723272754e+001
1.6640000000000e+000 1.0587741860246e+001
1.6660000000000e+000 1.0293396237718e+001
1.6680000000000e+000 9.9936850286029e+000
1.6700000000000e+000 9.6886078101157e+000
1.6720000000000e+000 9.3781651204217e+000
1.6740000000000e+000 9.0623584647340e+000
1.6760000000000e+000 8.7411903227643e+000
1.6780000000000e+000 8.4146641550484e+000
1.6800000000000e+000 8.0827844088915e+000
1.6820000000000e+000 7.7455565250517e+000
1.6840000000000e+000 7.4029869438497e+000
1.6860000000000e+000 7.0550831109961e+000
1.6880000000000e+000 6.7018534833929e+000
1.6900000000000e+000 6.3433075349897e+000
1.6920000000000e+000 5.9794557617785e+000
1.6940000000000e+000 5.6103096877647e+000
1.6960000000000e+000 5.2358818700418e+000
1.6980000000000e+000 4.8561859030682e+000
1.7000000000000e+000 4.4712364248300e+000
1.7020000000000e+000 4.0810491205301e+000
1.7040000000000e+000 3.6856407281403e+000
1.7060000000000e+000 3.2850290415944e+000
1.7080000000000e+000 2.8792329165581e+000
1.7100000000000e+000 2.4682722732652e+000
1.7120000000000e+000 2.0521681015628e+000
1.7140000000000e+000 1.6309424633043e+000
1.7160000000000e+000 1.2046184975079e+000
1.7180000000000e+000 7.7322042241201e-001
1.7200000000000e+000 3.3677353966644e-001
1.7220000000000e+000 -1.0469576283700e-001
1.7240000000000e+000 -5.5116000829969e-001
1.7260000000000e+000 -1.0025906280187e+000
1.7280000000000e+000 -1.4589579580004e+000
1.7300000000000e+000 -1.9202312377953e+000
1.7320000000000e+000 -2.3863786073330e+000
1.7340000000000e+000 -2.8573671051193e+000
1.7360000000000e+000 -3.3331626665412e+000
1.7380000000000e+000 -3.8137301218986e+000
1.7400000000000e+000 -4.2990331953208e+000
1.7420000000000e+000 -4.7890345028501e+000
1.7440000000000e+000 -5.2836955514723e+000
1.7460000000000e+000 -5.7829767382556e+000
1.7480000000000e+000 -6.2868373493510e+000
1.7500000000000e+000 -6.7952355587151e+000
1.7520000000000e+000 -7.3081284285572e+000
1.7540000000000e+000 -7.8254719080015e+000
1.7560000000000e+000 -8.3472208342039e+000
1.7580000000000e+000 -8.8733289314025e+000
1.7600000000000e+000 -9.4037488122534e+000
1.7620000000000e+000 -9.9384319773579e+000
1.7640000000000e+000 -1.0477328816760e+001
1.7660000000000e+000 -1.1020388610144e+001
1.7680000000000e+000 -1.1567559528025e+001
1.7700000000000e+000 -1.2118788632498e+001
1.7720000000000e+000 -1.2674021879433e+001
1.7740000000000e+000 -1.3233204118168e+001
1.7760000000000e+000 -1.3796279094980e+001
1.7780000000000e+000 -1.4363189454580e+001
1.7800000000000e+000 -1.4933876742340e+001
1.7820000000000e+000 -1.5508281406840e+001
1.7840000000000e+000 -1.6086342801924e+001
1.7860000000000e+000 -1.6667999190700e+001
1.7880000000000e+000 -1.7253187746508e+001
1.7900000000000e+000 -1.7841844557664e+001
1.7920000000000e+000 -1.8433904628773e+001
1.7940000000000e+000 -1.9029301885021e+001
1.7960000000000e+000 -1.9627969175873e+001
1.7980000000000e+000 -2.0229838278152e+001
1.8000000000000e+000 -2.0834839901174e+001
1.8020000000000e+000 -2.1442903690660e+001
1.8040000000000e+000 -2.2053958233459e+001
1.8060000000000e+000 -2.2667931062204e+001
1.8080000000000e+000 -2.3284748660257e+001
1.8100000000000e+000 -2.3904336466096e+001
1.8120000000000e+000 -2.4526618878418e+001
1.8140000000000e+000 -2.5151519261524e+001
1.8160000000000e+000 -2.5778959949152e+001
1.8180000000000e+000 -2.6408862251470e+001
1.8200000000000e+000 -2.7041146460571e+001
1.8220000000000e+000 -2.7675731857024e+001
1.8240000000000e+000 -2.8312536716812e+001
1.8260000000000e+000 -2.8951478317663e+001
1.8280000000000e+000 -2.9592472946594e+001
1.8300000000000e+000 -3.0235435906134e+001
1.8320000000000e+000 -3.0880281521428e+001
1.8340000000000e+000 -3.1526923145397e+001
1.8360000000000e+000 -3.2175273166901e+001
1.8380000000000e+000 -3.2825243016732e+001
1.8400000000000e+000 -3.3476743176164e+001
1.8420000000000e+000 -3.4129683185002e+001
1.8440000000000e+000 -3.4783971650854e+001
1.8460000000000e+000 -3.5439516257951e+001
1.8480000000000e+000 -3.6096223776649e+001
1.8500000000000e+000 -3.6754000071859e+001
1.8520000000000e+000 -3.7412750110266e+001
1.8540000000000e+000 -3.8072377969600e+001
1.8560000000000e+000 -3.8732786846407e+001
1.8580000000000e+000 -3.9393879064042e+001
1.8600000000000e+000 -4.0055556082719e+001
1.8620000000000e+000 -4.0717718509442e+001
1.8640000000000e+000 -4.1380266108504e+001
1.8660000000000e+000 -4.2043097811972e+001
1.8680000000000e+000 -4.2706111730684e+001
1.8700000000000e+000 -4.3369205167121e+001
1.8720000000000e+000 -4.4032274624406e+001
1.8740000000000e+000 -4.4695215818347e+001
1.8760000000000e+000 -4.5357923686318e+001
1.8780000000000e+000 -4.6020292395477e+001
1.8800000000000e+000 -4.6682215351868e+001
1.8820000000000e+000 -4.7343585210080e+001
1.8840000000000e+000 -4.8004293886017e+001
1.8860000000000e+000 -4.8664232570494e+001
1.8880000000000e+000 -4.9323291745451e+001
1.8900000000000e+000 -4.9981361199325e+001
1.8920000000000e+000 -5.0638330039654e+001
1.8940000000000e+000 -5.1294086705012e+001
1.8960000000000e+000 -5.1948518972500e+001
1.8980000000000e+000 -5.2601513965800e+001
1.9000000000000e+000 -5.3252958164773e+001
1.9020000000000e+000 -5.3902737417233e+001
1.9040000000000e+000 -5.4550736952874e+001
1.9060000000000e+000 -5.5196841401872e+001
1.9080000000000e+000 -5.5840934811480e+001
1.9100000000000e+000 -5.6482900664623e+001
1.9120000000000e+000 -5.7122621893058e+001
1.9140000000000e+000 -5.7759980891192e+001
1.9160000000000e+000 -5.8394859525301e+001
1.9180000000000e+000 -5.9027139143353e+001
1.9200000000000e+000 -5.9656700584443e+001
1.9220000000000e+000 -6.0283424193008e+001
1.9240000000000e+000 -6.0907189836035e+001
1.9260000000000e+000 -6.1527876922596e+001
1.9280000000000e+000 -6.2145364412458e+001
1.9300000000000e+000 -6.2759530820244e+001
1.9320000000000e+000 -6.3370254234363e+001
1.9340000000000e+000 -6.3977412355698e+001
1.9360000000000e+000 -6.4580882536025e+001
1.9380000000000e+000 -6.5180541794885e+001
1.9400000000000e+000 -6.5776266807593e+001
1.9420000000000e+000 -6.6367933882705e+001
1.9440000000000e+000 -6.6955418955073e+001
1.9460000000000e+000 -6.7538597605943e+001
1.9480000000000e+000 -6.8117345108365e+001
1.9500000000000e+000 -6.8691536479426e+001
1.9520000000000e+000 -6.9261046518221e+001
1.9540000000000e+000 -6.9825749826391e+001
1.9560000000000e+000 -7.0385520802907e+001
1.9580000000000e+000 -7.0940233635852e+001
1.9600000000000e+000 -7.1489762294874e+001
1.9620000000000e+000 -7.2033980536679e+001
1.9640000000000e+000 -7.2572761924017e+001
1.9660000000000e+000 -7.3105979854715e+001
1.9680000000000e+000 -7.3633507594872e+001
1.9700000000000e+000 -7.4155218309613e+001
1.9720000000000e+000 -7.4670985088676e+001
1.9740000000000e+000 -7.5180680964126e+001
1.9760000000000e+000 -7.5684178925062e+001
1.9780000000000e+000 -7.6181351925608e+001
1.9800000000000e+000 -7.6672072895190e+001
1.9820000000000e+000 -7.7156214749019e+001
1.9840000000000e+000 -7.7633650400422e+001
1.9860000000000e+000 -7.8104252776878e+001
1.9880000000000e+000 -7.8567894837900e+001
1.9900000000000e+000 -7.9024449593956e+001
1.9920000000000e+000 -7.9473790127071e+001
1.9940000000000e+000 -7.9915789610918e+001
1.9960000000000e+000 -8.0350321330913e+001
1.9980000000000e+000 -8.0777258703230e+001
2.0000000000000e+000 -2.4356501254041e+005
