#X Y
0.0000000000000e+000 1.0000000000000e+000
2.0000000000000e-003 9.9907881833589e-001
4.0000000000000e-003 9.9819984097807e-001
6.0000000000000e-003 9.9736118714313e-001
8.0000000000000e-003 9.9656104815007e-001
1.0000000000000e-002 9.9579768511980e-001
1.2000000000000e-002 9.9506942677796e-001
1.4000000000000e-002 9.9437466734991e-001
1.6000000000000e-002 9.9371186452937e-001
1.8000000000000e-002 9.9307953750427e-001
2.0000000000000e-002 9.9247626502867e-001
2.2000000000000e-002 9.9190068353440e-001
2.4000000000000e-002 9.9135148527983e-001
2.6000000000000e-002 9.9082741653488e-001
2.8000000000000e-002 9.9032727580246e-001
3.0000000000000e-002 9.8984991207675e-001
3.2000000000000e-002 9.8939422313861e-001
3.4000000000000e-002 9.8895915388845e-001
3.6000000000000e-002 9.8854369471638e-001
3.8000000000000e-002 9.8814687990964e-001
4.0000000000000e-002 9.8776778609695e-001
4.2000000000000e-002 9.8740553072922e-001
4.4000000000000e-002 9.8705927059638e-001
4.6000000000000e-002 9.8672820037958e-001
4.8000000000000e-002 9.8641155123835e-001
5.0000000000000e-002 9.8610858943214e-001
5.2000000000000e-002 9.8581861497584e-001
5.4000000000000e-002 9.8554096032892e-001
5.6000000000000e-002 9.8527498911782e-001
5.8000000000000e-002 9.8502009489151e-001
6.0000000000000e-002 9.8477569991004e-001
6.2000000000000e-002 9.8454125396621e-001
6.4000000000000e-002 9.8431623324042e-001
6.6000000000000e-002 9.8410013918885e-001
6.8000000000000e-002 9.8389249746539e-001
7.0000000000000e-002 9.8369285687746e-001
7.2000000000000e-002 9.8350078837609e-001
7.4000000000000e-002 9.8331588408060e-001
7.6000000000000e-002 9.8313775633805e-001
7.8000000000000e-002 9.8296603681767e-001
8.0000000000000e-002 9.8280037564033e-001
8.2000000000000e-002 9.8264044054300e-001
8.4000000000000e-002 9.8248591607786e-001
8.6000000000000e-002 9.8233650284588e-001
8.8000000000000e-002 9.8219191676409e-001
9.0000000000000e-002 9.8205188836586e-001
9.2000000000000e-002 9.8191616213329e-001
9.4000000000000e-002 9.8178449586046e-001
9.6000000000000e-002 9.8165666004635e-001
9.8000000000000e-002 9.8153243731589e-001
1.0000000000000e-001 9.8141162186770e-001
1.0200000000000e-001 9.8129401894669e-001
1.0400000000000e-001 9.8117944433998e-001
1.0600000000000e-001 9.8106772389427e-001
1.0800000000000e-001 9.8095869305303e-001
1.1000000000000e-001 9.8085219641178e-001
1.1200000000000e-001 9.8074808728992e-001
1.1400000000000e-001 9.8064622731764e-001
1.1600000000000e-001 9.8054648603663e-001
1.1800000000000e-001 9.8044874051345e-001
1.2000000000000e-001 9.8035287496470e-001
1.2200000000000e-001 9.8025878039314e-001
1.2400000000000e-001 9.8016635423449e-001
1.2600000000000e-001 9.8007550001442e-001
1.2800000000000e-001 9.7998612701584e-001
1.3000000000000e-001 9.7989814995650e-001
1.3200000000000e-001 9.7981148867727e-001
1.3400000000000e-001 9.7972606784157e-001
1.3600000000000e-001 9.7964181664638e-001
1.3800000000000e-001 9.7955866854559e-001
1.4000000000000e-001 9.7947656098633e-001
1.4200000000000e-001 9.7939543515884e-001
1.4400000000000e-001 9.7931523576061e-001
1.4600000000000e-001 9.7923591077524e-001
1.4800000000000e-001 9.7915741126647e-001
1.5000000000000e-001 9.7907969118754e-001
1.5200000000000e-001 9.7900270720609e-001
1.5400000000000e-001 9.7892641854432e-001
1.5600000000000e-001 9.7885078683417e-001
1.5800000000000e-001 9.7877577598693e-001
1.6000000000000e-001 9.7870135207650e-001
1.6200000000000e-001 9.7862748323529e-001
1.6400000000000e-001 9.7855413956173e-001
1.6600000000000e-001 9.7848129303783e-001
1.6800000000000e-001 9.7840891745557e-001
1.7000000000000e-001 9.7833698835046e-001
1.7200000000000e-001 9.7826548294066e-001
1.7400000000000e-001 9.7819438007005e-001
1.7600000000000e-001 9.7812366015378e-001
1.7800000000000e-001 9.7805330512464e-001
1.8000000000000e-001 9.7798329837904e-001
1.8200000000000e-001 9.7791362472123e-001
1.8400000000000e-001 9.7784427030495e-001
1.8600000000000e-001 9.7777522257149e-001
1.8800000000000e-001 9.7770647018383e-001
1.9000000000000e-001 9.7763800295644e-001
1.9200000000000e-001 9.7756981178087e-001
1.9400000000000e-001 9.7750188854721e-001
1.9600000000000e-001 9.7743422606214e-001
1.9800000000000e-001 9.7736681796423e-001
2.0000000000000e-001 9.7729965863736e-001
2.0200000000000e-001 9.7723274312364e-001
2.0400000000000e-001 9.7716606703689e-001
2.0600000000000e-001 9.7709962647811e-001
2.0800000000000e-001 9.7703341795447e-001
2.1000000000000e-001 9.7696743830300e-001
2.1200000000000e-001 9.7690168462055e-001
2.1400000000000e-001 9.7683615420113e-001
2.1600000000000e-001 9.7677084448169e-001
2.1800000000000e-001 9.7670575299737e-001
2.2000000000000e-001 9.7664087734673e-001
2.2200000000000e-001 9.7657621516749e-001
2.2400000000000e-001 9.7651176412274e-001
2.2600000000000e-001 9.7644752189767e-001
2.2800000000000e-001 9.7638348620618e-001
2.3000000000000e-001 9.7631965480670e-001
2.3200000000000e-001 9.7625602552621e-001
2.3400000000000e-001 9.7619259629120e-001
2.3600000000000e-001 9.7612936516411e-001
2.3800000000000e-001 9.7606633038363e-001
2.4000000000000e-001 9.7600349040711e-001
2.4200000000000e-001 9.7594084395325e-001
2.4400000000000e-001 9.7587839004329e-001
2.4600000000000e-001 9.7581612803892e-001
2.4800000000000e-001 9.7575405767514e-001
2.5000000000000e-001 9.7569217908669e-001
2.5200000000000e-001 9.7563049282663e-001
2.5400000000000e-001 9.7556899987601e-001
2.5600000000000e-001 9.7550770164383e-001
2.5800000000000e-001 9.7544659995690e-001
2.6000000000000e-001 9.7538569703930e-001
2.6200000000000e-001 9.7532499548174e-001
2.6400000000000e-001 9.7526449820133e-001
2.6600000000000e-001 9.7520420839258e-001
2.6800000000000e-001 9.7514412947084e-001
2.7000000000000e-001 9.7508426500949e-001
2.7200000000000e-001 9.7502461867277e-001
2.7400000000000e-001 9.7496519414582e-001
2.7600000000000e-001 9.7490599506407e-001
2.7800000000000e-001 9.7484702494400e-001
2.8000000000000e-001 9.7478828711722e-001
2.8200000000000e-001 9.7472978466996e-001
2.8400000000000e-001 9.7467152038974e-001
2.8600000000000e-001 9.7461349672091e-001
2.8800000000000e-001 9.7455571573055e-001
2.9000000000000e-001 9.7449817908584e-001
2.9200000000000e-001 9.7444088804368e-001
2.9400000000000e-001 9.7438384345311e-001
2.9600000000000e-001 9.7432704577059e-001
2.9800000000000e-001 9.7427049508776e-001
3.0000000000000e-001 9.7421419117117e-001
3.0200000000000e-001 9.7415813351269e-001
3.0400000000000e-001 9.7410232138946e-001
3.0600000000000e-001 9.7404675393141e-001
3.0800000000000e-001 9.7399143019464e-001
3.1000000000000e-001 9.7393634923820e-001
3.1200000000000e-001 9.7388151020226e-001
3.1400000000000e-001 9.7382691238499e-001
3.1600000000000e-001 9.7377255531593e-001
3.1800000000000e-001 9.7371843882346e-001
3.2000000000000e-001 9.7366456309414e-001
3.2200000000000e-001 9.7361092872203e-001
3.2400000000000e-001 9.7355753674612e-001
3.2600000000000e-001 9.7350438867465e-001
3.2800000000000e-001 9.7345148649516e-001
3.3000000000000e-001 9.7339883266976e-001
3.3200000000000e-001 9.7334643011539e-001
3.3400000000000e-001 9.7329428216938e-001
3.3600000000000e-001 9.7324239254100e-001
3.3800000000000e-001 9.7319076525017e-001
3.4000000000000e-001 9.7313940455495e-001
3.4200000000000e-001 9.7308831486959e-001
3.4400000000000e-001 9.7303750067552e-001
3.4600000000000e-001 9.7298696642775e-001
3.4800000000000e-001 9.7293671645931e-001
3.5000000000000e-001 9.7288675488650e-001
3.5200000000000e-001 9.7283708551789e-001
3.5400000000000e-001 9.7278771176965e-001
3.5600000000000e-001 9.7273863658999e-001
3.5800000000000e-001 9.7268986239502e-001
3.6000000000000e-001 9.7264139101810e-001
3.6200000000000e-001 9.7259322367459e-001
3.6400000000000e-001 9.7254536094312e-001
3.6600000000000e-001 9.7249780276444e-001
3.6800000000000e-001 9.7245054845809e-001
3.7000000000000e-001 9.7240359675679e-001
3.7200000000000e-001 9.7235694585794e-001
3.7400000000000e-001 9.7231059349089e-001
3.7600000000000e-001 9.7226453699856e-001
3.7800000000000e-001 9.7221877343106e-001
3.8000000000000e-001 9.7217329964898e-001
3.8200000000000e-001 9.7212811243346e-001
3.8400000000000e-001 9.7208320859999e-001
3.8600000000000e-001 9.7203858511260e-001
3.8800000000000e-001 9.7199423919535e-001
3.9000000000000e-001 9.7195016843761e-001
3.9200000000000e-001 9.7190637089001e-001
3.9400000000000e-001 9.7186284514825e-001
3.9600000000000e-001 9.7181959042184e-001
3.9800000000000e-001 9.7177660658573e-001
4.0000000000000e-001 9.7173389421287e-001
4.0200000000000e-001 9.7169145458641e-001
4.0400000000000e-001 9.7164928969077e-001
4.0600000000000e-001 9.7160740218151e-001
4.0800000000000e-001 9.7156579533432e-001
4.1000000000000e-001 9.7152447297427e-001
4.1200000000000e-001 9.7148343938692e-001
4.1400000000000e-001 9.7144269921350e-001
4.1600000000000e-001 9.7140225733285e-001
4.1800000000000e-001 9.7136211873317e-001
4.2000000000000e-001 9.7132228837719e-001
4.2200000000000e-001 9.7128277106428e-001
4.2400000000000e-001 9.7124357129357e-001
4.2600000000000e-001 9.7120469313182e-001
4.2800000000000e-001 9.7116614009010e-001
4.3000000000000e-001 9.7112791501270e-001
4.3200000000000e-001 9.7109001998194e-001
4.3400000000000e-001 9.7105245624173e-001
4.3600000000000e-001 9.7101522414245e-001
4.3800000000000e-001 9.7097832310921e-001
4.4000000000000e-001 9.7094175163472e-001
4.4200000000000e-001 9.7090550729766e-001
4.4400000000000e-001 9.7086958680634e-001
4.4600000000000e-001 9.7083398606707e-001
4.4800000000000e-001 9.7079870027572e-001
4.5000000000000e-001 9.7076372403047e-001
4.5200000000000e-001 9.7072905146289e-001
4.5400000000000e-001 9.7069467638406e-001
4.5600000000000e-001 9.7066059244206e-001
4.5800000000000e-001 9.7062679328646e-001
4.6000000000000e-001 9.7059327273549e-001
4.6200000000000e-001 9.7056002494120e-001
4.6400000000000e-001 9.7052704454797e-001
4.6600000000000e-001 9.7049432683990e-001
4.6800000000000e-001 9.7046186787259e-001
4.7000000000000e-001 9.7042966458544e-001
4.7200000000000e-001 9.7039771489101e-001
4.7400000000000e-001 9.7036601773833e-001
4.7600000000000e-001 9.7033457314812e-001
4.7800000000000e-001 9.7030338221809e-001
4.8000000000000e-001 9.7027244709793e-001
4.8200000000000e-001 9.7024177093383e-001
4.8400000000000e-001 9.7021135778348e-001
4.8600000000000e-001 9.7018121250352e-001
4.8800000000000e-001 9.7015134061181e-001
4.9000000000000e-001 9.7012174812787e-001
4.9200000000000e-001 9.7009244139554e-001
4.9400000000000e-001 9.7006342689239e-001
4.9600000000000e-001 9.7003471103074e-001
4.9800000000000e-001 9.7000629995584e-001
5.0000000000000e-001 9.6997819934649e-001
5.0200000000000e-001 9.6995041422382e-001
5.0400000000000e-001 9.6992294877347e-001
5.0600000000000e-001 9.6989580618652e-001
5.0800000000000e-001 9.6986898852377e-001
5.1000000000000e-001 9.6984249660758e-001
5.1200000000000e-001 9.6981632994488e-001
5.1400000000000e-001 9.6979048668395e-001
5.1600000000000e-001 9.6976496360697e-001
5.1800000000000e-001 9.6973975615915e-001
5.2000000000000e-001 9.6971485851446e-001
5.2200000000000e-001 9.6969026367681e-001
5.2400000000000e-001 9.6966596361484e-001
5.2600000000000e-001 9.6964194942704e-001
5.2800000000000e-001 9.6961821153360e-001
5.3000000000000e-001 9.6959473989013e-001
5.3200000000000e-001 9.6957152421801e-001
5.3400000000000e-001 9.6954855424538e-001
5.3600000000000e-001 9.6952581995252e-001
5.3800000000000e-001 9.6950331181505e-001
5.4000000000000e-001 9.6948102103833e-001
5.4200000000000e-001 9.6945893977657e-001
5.4400000000000e-001 9.6943706133041e-001
5.4600000000000e-001 9.6941538031731e-001
5.4800000000000e-001 9.6939389280949e-001
5.5000000000000e-001 9.6937259643515e-001
5.5200000000000e-001 9.6935149043954e-001
5.5400000000000e-001 9.6933057570339e-001
5.5600000000000e-001 9.6930985471742e-001
5.5800000000000e-001 9.6928933151272e-001
5.6000000000000e-001 9.6926901154799e-001
5.6200000000000e-001 9.6924890155589e-001
5.6400000000000e-001 9.6922900935173e-001
5.6600000000000e-001 9.6920934360885e-001
5.6800000000000e-001 9.6918991360629e-001
5.7000000000000e-001 9.6917072895453e-001
5.7200000000000e-001 9.6915179930667e-001
5.7400000000000e-001 9.6913313406206e-001
5.7600000000000e-001 9.6911474207043e-001
5.7800000000000e-001 9.6909663134429e-001
5.8000000000000e-001 9.6907880878739e-001
5.8200000000000e-001 9.6906127994691e-001
5.8400000000000e-001 9.6904404879631e-001
5.8600000000000e-001 9.6902711755528e-001
5.8800000000000e-001 9.6901048655234e-001
5.9000000000000e-001 9.6899415413447e-001
5.9200000000000e-001 9.6897811662720e-001
5.9400000000000e-001 9.6896236834714e-001
5.9600000000000e-001 9.6894690166775e-001
5.9800000000000e-001 9.6893170713750e-001
6.0000000000000e-001 9.6891677364857e-001
6.0200000000000e-001 9.6890208865236e-001
6.0400000000000e-001 9.6888763841738e-001
6.0600000000000e-001 9.6887340832322e-001
6.0800000000000e-001 9.6885938318385e-001
6.1000000000000e-001 9.6884554759223e-001
6.1200000000000e-001 9.6883188627756e-001
6.1400000000000e-001 9.6881838446614e-001
6.1600000000000e-001 9.6880502823638e-001
6.1800000000000e-001 9.6879180485863e-001
6.2000000000000e-001 9.6877870311054e-001
6.2200000000000e-001 9.6876571355935e-001
6.2400000000000e-001 9.6875282880301e-001
6.2600000000000e-001 9.6874004366311e-001
6.2800000000000e-001 9.6872735532359e-001
6.3000000000000e-001 9.6871476341061e-001
6.3200000000000e-001 9.6870227001041e-001
6.3400000000000e-001 9.6868987962341e-001
6.3600000000000e-001 9.6867759905457e-001
6.3800000000000e-001 9.6866543724168e-001
6.4000000000000e-001 9.6865340502474e-001
6.4200000000000e-001 9.6864151486137e-001
6.4400000000000e-001 9.6862978049457e-001
6.4600000000000e-001 9.6861821658051e-001
6.4800000000000e-001 9.6860683828522e-001
6.5000000000000e-001 9.6859566086002e-001
6.5200000000000e-001 9.6858469920625e-001
6.5400000000000e-001 9.6857396744033e-001
6.5600000000000e-001 9.6856347847040e-001
6.5800000000000e-001 9.6855324359556e-001
6.6000000000000e-001 9.6854327213868e-001
6.6200000000000e-001 9.6853357112260e-001
6.6400000000000e-001 9.6852414499908e-001
6.6600000000000e-001 9.6851499543832e-001
6.6800000000000e-001 9.6850612118575e-001
6.7000000000000e-001 9.6849751799086e-001
6.7200000000000e-001 9.6848917861140e-001
6.7400000000000e-001 9.6848109289422e-001
6.7600000000000e-001 9.6847324793213e-001
6.7800000000000e-001 9.6846562829422e-001
6.8000000000000e-001 9.6845821632521e-001
6.8200000000000e-001 9.6845099250733e-001
6.8400000000000e-001 9.6844393587699e-001
6.8600000000000e-001 9.6843702448633e-001
6.8800000000000e-001 9.6843023589904e-001
6.9000000000000e-001 9.6842354770840e-001
6.9200000000000e-001 9.6841693806478e-001
6.9400000000000e-001 9.6841038619949e-001
6.9600000000000e-001 9.6840387293162e-001
6.9800000000000e-001 9.6839738114472e-001
7.0000000000000e-001 9.6839089622078e-001
7.0200000000000e-001 9.6838440641967e-001
7.0400000000000e-001 9.6837790319358e-001
7.0600000000000e-001 9.6837138142727e-001
7.0800000000000e-001 9.6836483959667e-001
7.1000000000000e-001 9.6835827984050e-001
7.1200000000000e-001 9.6835170794136e-001
7.1400000000000e-001 9.6834513321518e-001
7.1600000000000e-001 9.6833856831011e-001
7.1800000000000e-001 9.6833202891826e-001
7.2000000000000e-001 9.6832553340589e-001
7.2200000000000e-001 9.6831910236979e-001
7.2400000000000e-001 9.6831275812966e-001
7.2600000000000e-001 9.6830652416799e-001
7.2800000000000e-001 9.6830042453031e-001
7.3000000000000e-001 9.6829448320029e-001
7.3200000000000e-001 9.6828872346451e-001
7.3400000000000e-001 9.6828316728275e-001
7.3600000000000e-001 9.6827783467928e-001
7.3800000000000e-001 9.6827274317093e-001
7.4000000000000e-001 9.6826790724645e-001
7.4200000000000e-001 9.6826333791122e-001
7.4400000000000e-001 9.6825904230960e-001
7.4600000000000e-001 9.6825502343567e-001
7.4800000000000e-001 9.6825127994111e-001
7.5000000000000e-001 9.6824780604655e-001
7.5200000000000e-001 9.6824459156061e-001
7.5400000000000e-001 9.6824162200792e-001
7.5600000000000e-001 9.6823887886487e-001
7.5800000000000e-001 9.6823633989938e-001
7.6000000000000e-001 9.6823397960805e-001
7.6200000000000e-001 9.6823176974167e-001
7.6400000000000e-001 9.6822967990793e-001
7.6600000000000e-001 9.6822767823781e-001
7.6800000000000e-001 9.6822573210061e-001
7.7000000000000e-001 9.6822380885092e-001
7.7200000000000e-001 9.6822187659004e-001
7.7400000000000e-001 9.6821990492344e-001
7.7600000000000e-001 9.6821786569590e-001
7.7800000000000e-001 9.6821573368605e-001
7.8000000000000e-001 9.6821348724278e-001
7.8200000000000e-001 9.6821110884718e-001
7.8400000000000e-001 9.6820858558506e-001
7.8600000000000e-001 9.6820590951715e-001
7.8800000000000e-001 9.6820307793636e-001
7.9000000000000e-001 9.6820009350385e-001
7.9200000000000e-001 9.6819696425881e-001
7.9400000000000e-001 9.6819370349926e-001
7.9600000000000e-001 9.6819032953493e-001
7.9800000000000e-001 9.6818686531563e-001
8.0000000000000e-001 9.6818333794225e-001
8.0200000000000e-001 9.6817977806990e-001
8.0400000000000e-001 9.6817621921573e-001
8.0600000000000e-001 9.6817269698641e-001
8.0800000000000e-001 9.6816924824227e-001
8.1000000000000e-001 9.6816591021700e-001
8.1200000000000e-001 9.6816271961308e-001
8.1400000000000e-001 9.6815971169408e-001
8.1600000000000e-001 9.6815691939523e-001
8.1800000000000e-001 9.6815437247362e-001
8.2000000000000e-001 9.6815209671892e-001
8.2200000000000e-001 9.6815011324409e-001
8.2400000000000e-001 9.6814843787418e-001
8.2600000000000e-001 9.6814708064922e-001
8.2800000000000e-001 9.6814604545481e-001
8.3000000000000e-001 9.6814532979093e-001
8.3200000000000e-001 9.6814492468694e-001
8.3400000000000e-001 9.6814481476679e-001
8.3600000000000e-001 9.6814497846551e-001
8.3800000000000e-001 9.6814538839431e-001
8.4000000000000e-001 9.6814601184807e-001
8.4200000000000e-001 9.6814681144561e-001
8.4400000000000e-001 9.6814774589006e-001
8.4600000000000e-001 9.6814877083348e-001
8.4800000000000e-001 9.6814983982722e-001
8.5000000000000e-001 9.6815090533745e-001
8.5200000000000e-001 9.6815191980326e-001
8.5400000000000e-001 9.6815283671364e-001
8.5600000000000e-001 9.6815361167866e-001
8.5800000000000e-001 9.6815420347012e-001
8.6000000000000e-001 9.6815457500726e-001
8.6200000000000e-001 9.6815469426401e-001
8.6400000000000e-001 9.6815453507571e-001
8.6600000000000e-001 9.6815407782535e-001
8.6800000000000e-001 9.6815330999179e-001
8.7000000000000e-001 9.6815222654524e-001
8.7200000000000e-001 9.6815083017881e-001
8.7400000000000e-001 9.6814913136826e-001
8.7600000000000e-001 9.6814714825613e-001
8.7800000000000e-001 9.6814490636017e-001
8.8000000000000e-001 9.6814243811007e-001
8.8200000000000e-001 9.6813978222051e-001
8.8400000000000e-001 9.6813698291219e-001
8.8600000000000e-001 9.6813408899630e-001
8.8800000000000e-001 9.6813115284087e-001
8.9000000000000e-001 9.6812822924083e-001
8.9200000000000e-001 9.6812537421546e-001
8.9400000000000e-001 9.6812264375936e-001
8.9600000000000e-001 9.6812009257421e-001
8.9800000000000e-001 9.6811777280935e-001
9.0000000000000e-001 9.6811573283951e-001
9.0200000000000e-001 9.6811401610736e-001
9.0400000000000e-001 9.6811266005775e-001
9.0600000000000e-001 9.6811169518846e-001
9.0800000000000e-001 9.6811114424024e-001
9.1000000000000e-001 9.6811102154603e-001
9.1200000000000e-001 9.6811133255606e-001
9.1400000000000e-001 9.6811207355166e-001
9.1600000000000e-001 9.6811323155682e-001
9.1800000000000e-001 9.6811478445210e-001
9.2000000000000e-001 9.6811670129130e-001
9.2200000000000e-001 9.6811894281668e-001
9.2400000000000e-001 9.6812146216413e-001
9.2600000000000e-001 9.6812420574555e-001
9.2800000000000e-001 9.6812711429166e-001
9.3000000000000e-001 9.6813012403445e-001
9.3200000000000e-001 9.6813316800584e-001
9.3400000000000e-001 9.6813617742549e-001
9.3600000000000e-001 9.6813908314928e-001
9.3800000000000e-001 9.6814181714772e-001
9.4000000000000e-001 9.6814431398275e-001
9.4200000000000e-001 9.6814651225126e-001
9.4400000000000e-001 9.6814835596367e-001
9.4600000000000e-001 9.6814979582720e-001
9.4800000000000e-001 9.6815079040505e-001
9.5000000000000e-001 9.6815130712509e-001
9.5200000000000e-001 9.6815132311456e-001
9.5400000000000e-001 9.6815082584076e-001
9.5600000000000e-001 9.6814981354157e-001
9.5800000000000e-001 9.6814829543401e-001
9.6000000000000e-001 9.6814629169356e-001
9.6200000000000e-001 9.6814383320185e-001
9.6400000000000e-001 9.6814096106504e-001
9.6600000000000e-001 9.6813772591013e-001
9.6800000000000e-001 9.6813418697144e-001
9.7000000000000e-001 9.6813041098358e-001
9.7200000000000e-001 9.6812647090188e-001
9.7400000000000e-001 9.6812244447481e-001
9.7600000000000e-001 9.6811841269656e-001
9.7800000000000e-001 9.6811445817027e-001
9.8000000000000e-001 9.6811066341519e-001
9.8200000000000e-001 9.6810710915194e-001
9.8400000000000e-001 9.6810387260136e-001
9.8600000000000e-001 9.6810102583205e-001
9.8800000000000e-001 9.6809863419150e-001
9.9000000000000e-001 9.6809675485394e-001
9.9200000000000e-001 9.6809543551617e-001
9.9400000000000e-001 9.6809471326991e-001
9.9600000000000e-001 9.6809461367567e-001
9.9800000000000e-001 9.6809515005960e-001
1.0000000000000e+000 9.6809632304995e-001
1.0020000000000e+000 9.6809812036567e-001
1.0040000000000e+000 9.6810051686394e-001
1.0060000000000e+000 9.6810347484897e-001
1.0080000000000e+000 9.6810694463852e-001
1.0100000000000e+000 9.6811086537976e-001
1.0120000000000e+000 9.6811516610083e-001
1.0140000000000e+000 9.6811976697949e-001
1.0160000000000e+000 9.6812458080603e-001
1.0180000000000e+000 9.6812951461319e-001
1.0200000000000e+000 9.6813447144239e-001
1.0220000000000e+000 9.6813935221270e-001
1.0240000000000e+000 9.6814405765643e-001
1.0260000000000e+000 9.6814849028369e-001
1.0280000000000e+000 9.6815255633744e-001
1.0300000000000e+000 9.6815616770029e-001
1.0320000000000e+000 9.6815924371495e-001
1.0340000000000e+000 9.6816171288173e-001
1.0360000000000e+000 9.6816351439847e-001
1.0380000000000e+000 9.6816459951112e-001
1.0400000000000e+000 9.6816493264665e-001
1.0420000000000e+000 9.6816449230407e-001
1.0440000000000e+000 9.6816327168359e-001
1.0460000000000e+000 9.6816127903926e-001
1.0480000000000e+000 9.6815853774529e-001
1.0500000000000e+000 9.6815508607203e-001
1.0520000000000e+000 9.6815097667292e-001
1.0540000000000e+000 9.6814627578947e-001
1.0560000000000e+000 9.6814106218660e-001
1.0580000000000e+000 9.6813542583619e-001
1.0600000000000e+000 9.6812946637142e-001
1.0620000000000e+000 9.6812329133904e-001
1.0640000000000e+000 9.6811701428089e-001
1.0660000000000e+000 9.6811075267931e-001
1.0680000000000e+000 9.6810462580401e-001
1.0700000000000e+000 9.6809875249997e-001
1.0720000000000e+000 9.6809324895748e-001
1.0740000000000e+000 9.6808822650600e-001
1.0760000000000e+000 9.6808378947322e-001
1.0780000000000e+000 9.6808003315005e-001
1.0800000000000e+000 9.6807704190029e-001
1.0820000000000e+000 9.6807488745140e-001
1.0840000000000e+000 9.6807362739980e-001
1.0860000000000e+000 9.6807330396014e-001
1.0880000000000e+000 9.6807394298378e-001
1.0900000000000e+000 9.6807555326700e-001
1.0920000000000e+000 9.6807812616411e-001
1.0940000000000e+000 9.6808163551523e-001
1.0960000000000e+000 9.6808603789278e-001
1.0980000000000e+000 9.6809127316496e-001
1.1000000000000e+000 9.6809726536869e-001
1.1020000000000e+000 9.6810392387883e-001
1.1040000000000e+000 9.6811114485502e-001
1.1060000000000e+000 9.6811881294248e-001
1.1080000000000e+000 9.6812680319828e-001
1.1100000000000e+000 9.6813498321026e-001
1.1120000000000e+000 9.6814321537262e-001
1.1140000000000e+000 9.6815135927850e-001
1.1160000000000e+000 9.6815927418824e-001
1.1180000000000e+000 9.6816682152992e-001
1.1200000000000e+000 9.6817386738841e-001
1.1220000000000e+000 9.6818028493864e-001
1.1240000000000e+000 9.6818595678012e-001
1.1260000000000e+000 9.6819077713074e-001
1.1280000000000e+000 9.6819465384050e-001
1.1300000000000e+000 9.6819751018854e-001
1.1320000000000e+000 9.6819928643062e-001
1.1340000000000e+000 9.6819994106818e-001
1.1360000000000e+000 9.6819945181505e-001
1.1380000000000e+000 9.6819781624277e-001
1.1400000000000e+000 9.6819505209107e-001
1.1420000000000e+000 9.6819119723574e-001
1.1440000000000e+000 9.6818630931188e-001
1.1460000000000e+000 9.6818046499665e-001
1.1480000000000e+000 9.6817375896106e-001
1.1500000000000e+000 9.6816630250645e-001
1.1520000000000e+000 9.6815822190653e-001
1.1540000000000e+000 9.6814965648071e-001
1.1560000000000e+000 9.6814075642965e-001
1.1580000000000e+000 9.6813168046742e-001
1.1600000000000e+000 9.6812259328875e-001
1.1620000000000e+000 9.6811366291252e-001
1.1640000000000e+000 9.6810505794473e-001
1.1660000000000e+000 9.6809694480610e-001
1.1680000000000e+000 9.6808948496982e-001
1.1700000000000e+000 9.6808283225508e-001
1.1720000000000e+000 9.6807713022141e-001
1.1740000000000e+000 9.6807250970714e-001
1.1760000000000e+000 9.6806908655320e-001
1.1780000000000e+000 9.6806695955058e-001
1.1800000000000e+000 9.6806620864622e-001
1.1820000000000e+000 9.6806689343801e-001
1.1840000000000e+000 9.6806905198505e-001
1.1860000000000e+000 9.6807269995419e-001
1.1880000000000e+000 9.6807783011872e-001
1.1900000000000e+000 9.6808441221920e-001
1.1920000000000e+000 9.6809239319083e-001
1.1940000000000e+000 9.6810169775598e-001
1.1960000000000e+000 9.6811222937442e-001
1.1980000000000e+000 9.6812387153839e-001
1.2000000000000e+000 9.6813648939391e-001
1.2020000000000e+000 9.6814993166470e-001
1.2040000000000e+000 9.6816403285028e-001
1.2060000000000e+000 9.6817861566516e-001
1.2080000000000e+000 9.6819349368261e-001
1.2100000000000e+000 9.6820847414291e-001
1.2120000000000e+000 9.6822336088343e-001
1.2140000000000e+000 9.6823795734593e-001
1.2160000000000e+000 9.6825206961515e-001
1.2180000000000e+000 9.6826550944220e-001
1.2200000000000e+000 9.6827809720639e-001
1.2220000000000e+000 9.6828966476997e-001
1.2240000000000e+000 9.6830005818186e-001
1.2260000000000e+000 9.6830914018857e-001
1.2280000000000e+000 9.6831679251345e-001
1.2300000000000e+000 9.6832291786879e-001
1.2320000000000e+000 9.6832744166921e-001
1.2340000000000e+000 9.6833031341942e-001
1.2360000000000e+000 9.6833150775388e-001
1.2380000000000e+000 9.6833102511147e-001
1.2400000000000e+000 9.6832889203342e-001
1.2420000000000e+000 9.6832516107831e-001
1.2440000000000e+000 9.6831991035385e-001
1.2460000000000e+000 9.6831324267035e-001
1.2480000000000e+000 9.6830528432687e-001
1.2500000000000e+000 9.6829618354596e-001
1.2520000000000e+000 9.6828610857837e-001
1.2540000000000e+000 9.6827524550369e-001
1.2560000000000e+000 9.6826379575750e-001
1.2580000000000e+000 9.6825197341940e-001
1.2600000000000e+000 9.6824000229993e-001
1.2620000000000e+000 9.6822811286721e-001
1.2640000000000e+000 9.6821653905641e-001
1.2660000000000e+000 9.6820551500691e-001
1.2680000000000e+000 9.6819527177317e-001
1.2700000000000e+000 9.6818603405542e-001
1.2720000000000e+000 9.6817801699646e-001
1.2740000000000e+000 9.6817142308942e-001
1.2760000000000e+000 9.6816643924037e-001
1.2780000000000e+000 9.6816323402700e-001
1.2800000000000e+000 9.6816195519225e-001
1.2820000000000e+000 9.6816272740830e-001
1.2840000000000e+000 9.6816565034272e-001
1.2860000000000e+000 9.6817079705434e-001
1.2880000000000e+000 9.6817821274197e-001
1.2900000000000e+000 9.6818791386416e-001
1.2920000000000e+000 9.6819988764324e-001
1.2940000000000e+000 9.6821409196165e-001
1.2960000000000e+000 9.6823045565310e-001
1.2980000000000e+000 9.6824887918610e-001
1.3000000000000e+000 9.6826923573170e-001
1.3020000000000e+000 9.6829137260266e-001
1.3040000000000e+000 9.6831511304571e-001
1.3060000000000e+000 9.6834025836446e-001
1.3080000000000e+000 9.6836659034581e-001
1.3100000000000e+000 9.6839387395867e-001
1.3120000000000e+000 9.6842186029060e-001
1.3140000000000e+000 9.6845028968445e-001
1.3160000000000e+000 9.6847889503477e-001
1.3180000000000e+000 9.6850740520171e-001
1.3200000000000e+000 9.6853554849842e-001
1.3220000000000e+000 9.6856305620737e-001
1.3240000000000e+000 9.6858966608035e-001
1.3260000000000e+000 9.6861512577746e-001
1.3280000000000e+000 9.6863919620102e-001
1.3300000000000e+000 9.6866165468185e-001
1.3320000000000e+000 9.6868229797714e-001
1.3340000000000e+000 9.6870094504178e-001
1.3360000000000e+000 9.6871743953770e-001
1.3380000000000e+000 9.6873165204927e-001
1.3400000000000e+000 9.6874348197643e-001
1.3420000000000e+000 9.6875285908133e-001
1.3440000000000e+000 9.6875974466854e-001
1.3460000000000e+000 9.6876413238355e-001
1.3480000000000e+000 9.6876604861889e-001
1.3500000000000e+000 9.6876555252210e-001
1.3520000000000e+000 9.6876273560466e-001
1.3540000000000e+000 9.6875772095581e-001
1.3560000000000e+000 9.6875066207005e-001
1.3580000000000e+000 9.6874174130162e-001
1.3600000000000e+000 9.6873116796396e-001
1.3620000000000e+000 9.6871917609612e-001
1.3640000000000e+000 9.6870602192219e-001
1.3660000000000e+000 9.6869198103340e-001
1.3680000000000e+000 9.6867734532568e-001
1.3700000000000e+000 9.6866241972844e-001
1.3720000000000e+000 9.6864751876254e-001
1.3740000000000e+000 9.6863296296750e-001
1.3760000000000e+000 9.6861907523926e-001
1.3780000000000e+000 9.6860617712098e-001
1.3800000000000e+000 9.6859458508956e-001
1.3820000000000e+000 9.6858460688075e-001
1.3840000000000e+000 9.6857653789487e-001
1.3860000000000e+000 9.6857065772461e-001
1.3880000000000e+000 9.6856722684425e-001
1.3900000000000e+000 9.6856648349837e-001
1.3920000000000e+000 9.6856864082521e-001
1.3940000000000e+000 9.6857388424742e-001
1.3960000000000e+000 9.6858236915984e-001
1.3980000000000e+000 9.6859421894036e-001
1.4000000000000e+000 9.6860952330634e-001
1.4020000000000e+000 9.6862833703537e-001
1.4040000000000e+000 9.6865067906465e-001
1.4060000000000e+000 9.6867653197938e-001
1.4080000000000e+000 9.6870584189627e-001
1.4100000000000e+000 9.6873851874365e-001
1.4120000000000e+000 9.6877443693563e-001
1.4140000000000e+000 9.6881343643345e-001
1.4160000000000e+000 9.6885532418280e-001
1.4180000000000e+000 9.6889987591211e-001
1.4200000000000e+000 9.6894683827291e-001
1.4220000000000e+000 9.6899593129972e-001
1.4240000000000e+000 9.6904685116368e-001
1.4260000000000e+000 9.6909927319109e-001
1.4280000000000e+000 9.6915285511527e-001
1.4300000000000e+000 9.6920724052788e-001
1.4320000000000e+000 9.6926206249392e-001
1.4340000000000e+000 9.6931694729280e-001
1.4360000000000e+000 9.6937151824707e-001
1.4380000000000e+000 9.6942539959927e-001
1.4400000000000e+000 9.6947822039729e-001
1.4420000000000e+000 9.6952961834841e-001
1.4440000000000e+000 9.6957924360302e-001
1.4460000000000e+000 9.6962676242940e-001
1.4480000000000e+000 9.6967186074272e-001
1.4500000000000e+000 9.6971424745258e-001
1.4520000000000e+000 9.6975365759556e-001
1.4540000000000e+000 9.6978985522161e-001
1.4560000000000e+000 9.6982263600551e-001
1.4580000000000e+000 9.6985182955749e-001
1.4600000000000e+000 9.6987730141037e-001
1.4620000000000e+000 9.6989895466350e-001
1.4640000000000e+000 9.6991673126752e-001
1.4660000000000e+000 9.6993061293747e-001
1.4680000000000e+000 9.6994062168512e-001
1.4700000000000e+000 9.6994681996571e-001
1.4720000000000e+000 9.6994931043724e-001
1.4740000000000e+000 9.6994823533501e-001
1.4760000000000e+000 9.6994377546693e-001
1.4780000000000e+000 9.6993614883935e-001
1.4800000000000e+000 9.6992560892629e-001
1.4820000000000e+000 9.6991244259820e-001
1.4840000000000e+000 9.6989696772970e-001
1.4860000000000e+000 9.6987953050853e-001
1.4880000000000e+000 9.6986050247061e-001
1.4900000000000e+000 9.6984027728851e-001
1.4920000000000e+000 9.6981926734294e-001
1.4940000000000e+000 9.6979790010847e-001
1.4960000000000e+000 9.6977661438642e-001
1.4980000000000e+000 9.6975585641909e-001
1.5000000000000e+000 9.6973607592028e-001
1.5020000000000e+000 9.6971772205786e-001
1.5040000000000e+000 9.6970123942413e-001
1.5060000000000e+000 9.6968706403002e-001
1.5080000000000e+000 9.6967561935840e-001
1.5100000000000e+000 9.6966731251138e-001
1.5120000000000e+000 9.6966253048544e-001
1.5140000000000e+000 9.6966163660670e-001
1.5160000000000e+000 9.6966496715755e-001
1.5180000000000e+000 9.6967282822356e-001
1.5200000000000e+000 9.6968549278789e-001
1.5220000000000e+000 9.6970319809802e-001
1.5240000000000e+000 9.6972614332719e-001
1.5260000000000e+000 9.6975448755021e-001
1.5280000000000e+000 9.6978834805086e-001
1.5300000000000e+000 9.6982779897467e-001
1.5320000000000e+000 9.6987287033854e-001
1.5340000000000e+000 9.6992354740496e-001
1.5360000000000e+000 9.6997977042609e-001
1.5380000000000e+000 9.7004143475945e-001
1.5400000000000e+000 9.7010839135405e-001
1.5420000000000e+000 9.7018044760282e-001
1.5440000000000e+000 9.7025736855404e-001
1.5460000000000e+000 9.7033887847175e-001
1.5480000000000e+000 9.7042466273228e-001
1.5500000000000e+000 9.7051437004134e-001
1.5520000000000e+000 9.7060761495374e-001
1.5540000000000e+000 9.7070398067541e-001
1.5560000000000e+000 9.7080302212519e-001
1.5580000000000e+000 9.7090426923220e-001
1.5600000000000e+000 9.7100723044245e-001
1.5620000000000e+000 9.7111139640738e-001
1.5640000000000e+000 9.7121624382514e-001
1.5660000000000e+000 9.7132123940514e-001
1.5680000000000e+000 9.7142584392489e-001
1.5700000000000e+000 9.7152951634808e-001
1.5720000000000e+000 9.7163171797253e-001
1.5740000000000e+000 9.7173191657635e-001
1.5760000000000e+000 9.7182959053103e-001
1.5780000000000e+000 9.7192423285078e-001
1.5800000000000e+000 9.7201535514758e-001
1.5820000000000e+000 9.7210249146294e-001
1.5840000000000e+000 9.7218520194791e-001
1.5860000000000e+000 9.7226307636454e-001
1.5880000000000e+000 9.7233573738320e-001
1.5900000000000e+000 9.7240284365201e-001
1.5920000000000e+000 9.7246409261634e-001
1.5940000000000e+000 9.7251922306825e-001
1.5960000000000e+000 9.7256801740788e-001
1.5980000000000e+000 9.7261030360093e-001
1.6000000000000e+000 9.7264595681868e-001
1.6020000000000e+000 9.7267490074912e-001
1.6040000000000e+000 9.7269710857060e-001
1.6060000000000e+000 9.7271260358127e-001
1.6080000000000e+000 9.7272145948047e-001
1.6100000000000e+000 9.7272380030043e-001
1.6120000000000e+000 9.7271979998921e-001
1.6140000000000e+000 9.7270968164802e-001
1.6160000000000e+000 9.7269371642866e-001
1.6180000000000e+000 9.7267222209885e-001
1.6200000000000e+000 9.7264556128555e-001
1.6220000000000e+000 9.7261413940861e-001
1.6240000000000e+000 9.7257840231864e-001
1.6260000000000e+000 9.7253883365554e-001
1.6280000000000e+000 9.7249595194526e-001
1.6300000000000e+000 9.7245030745434e-001
1.6320000000000e+000 9.7240247882313e-001
1.6340000000000e+000 9.7235306950001e-001
1.6360000000000e+000 9.7230270399982e-001
1.6380000000000e+000 9.7225202401100e-001
1.6400000000000e+000 9.7220168437657e-001
1.6420000000000e+000 9.7215234897475e-001
1.6440000000000e+000 9.7210468652555e-001
1.6460000000000e+000 9.7205936634978e-001
1.6480000000000e+000 9.7201705410729e-001
1.6500000000000e+000 9.7197840754093e-001
1.6520000000000e+000 9.7194407225273e-001
1.6540000000000e+000 9.7191467753819e-001
1.6560000000000e+000 9.7189083230422e-001
1.6580000000000e+000 9.7187312109538e-001
1.6600000000000e+000 9.7186210025243e-001
1.6620000000000e+000 9.7185829422595e-001
1.6640000000000e+000 9.7186219206705e-001
1.6660000000000e+000 9.7187424411552e-001
1.6680000000000e+000 9.7189485890482e-001
1.6700000000000e+000 9.7192440030167e-001
1.6720000000000e+000 9.7196318489658e-001
1.6740000000000e+000 9.7201147965988e-001
1.6760000000000e+000 9.7206949987650e-001
1.6780000000000e+000 9.7213740737072e-001
1.6800000000000e+000 9.7221530903042e-001
1.6820000000000e+000 9.7230325563879e-001
1.6840000000000e+000 9.7240124101939e-001
1.6860000000000e+000 9.7250920149877e-001
1.6880000000000e+000 9.7262701568908e-001
1.6900000000000e+000 9.7275450459125e-001
1.6920000000000e+000 9.7289143201754e-001
1.6940000000000e+000 9.7303750533062e-001
1.6960000000000e+000 9.7319237649444e-001
1.6980000000000e+000 9.7335564343080e-001
1.7000000000000e+000 9.7352685167360e-001
1.7020000000000e+000 9.7370549631146e-001
1.7040000000000e+000 9.7389102420792e-001
1.7060000000000e+000 9.7408283648689e-001
1.7080000000000e+000 9.7428029126990e-001
1.7100000000000e+000 9.7448270665036e-001
1.7120000000000e+000 9.7468936388916e-001
1.7140000000000e+000 9.7489951081450e-001
1.7160000000000e+000 9.7511236540838e-001
1.7180000000000e+000 9.7532711956111e-001
1.7200000000000e+000 9.7554294297454e-001
1.7220000000000e+000 9.7575898719417e-001
1.7240000000000e+000 9.7597438974972e-001
1.7260000000000e+000 9.7618827838360e-001
1.7280000000000e+000 9.7639977534605e-001
1.7300000000000e+000 9.7660800173603e-001
1.7320000000000e+000 9.7681208186661e-001
1.7340000000000e+000 9.7701114763368e-001
1.7360000000000e+000 9.7720434286723e-001
1.7380000000000e+000 9.7739082764437e-001
1.7400000000000e+000 9.7756978254394e-001
1.7420000000000e+000 9.7774041282287e-001
1.7440000000000e+000 9.7790195249505e-001
1.7460000000000e+000 9.7805366829415e-001
1.7480000000000e+000 9.7819486350250e-001
1.7500000000000e+000 9.7832488162909e-001
1.7520000000000e+000 9.7844310992038e-001
1.7540000000000e+000 9.7854898268877e-001
1.7560000000000e+000 9.7864198444446e-001
1.7580000000000e+000 9.7872165281761e-001
1.7600000000000e+000 9.7878758125845e-001
1.7620000000000e+000 9.7883942150461e-001
1.7640000000000e+000 9.7887688580564e-001
1.7660000000000e+000 9.7889974889610e-001
1.7680000000000e+000 9.7890784970974e-001
1.7700000000000e+000 9.7890109282845e-001
1.7720000000000e+000 9.7887944966082e-001
1.7740000000000e+000 9.7884295934649e-001
1.7760000000000e+000 9.7879172938346e-001
1.7780000000000e+000 9.7872593597682e-001
1.7800000000000e+000 9.7864582410855e-001
1.7820000000000e+000 9.7855170732894e-001
1.7840000000000e+000 9.7844396727160e-001
1.7860000000000e+000 9.7832305289493e-001
1.7880000000000e+000 9.7818947945376e-001
1.7900000000000e+000 9.7804382720640e-001
1.7920000000000e+000 9.7788673986271e-001
1.7940000000000e+000 9.7771892278012e-001
1.7960000000000e+000 9.7754114091529e-001
1.7980000000000e+000 9.7735421653975e-001
1.8000000000000e+000 9.7715902672904e-001
1.8020000000000e+000 9.7695650063521e-001
1.8040000000000e+000 9.7674761655342e-001
1.8060000000000e+000 9.7653339879393e-001
1.8080000000000e+000 9.7631491437149e-001
1.8100000000000e+000 9.7609326952447e-001
1.8120000000000e+000 9.7586960607660e-001
1.8140000000000e+000 9.7564509765468e-001
1.8160000000000e+000 9.7542094577592e-001
1.8180000000000e+000 9.7519837581875e-001
1.8200000000000e+000 9.7497863289136e-001
1.8220000000000e+000 9.7476297761229e-001
1.8240000000000e+000 9.7455268181746e-001
1.8260000000000e+000 9.7434902420827e-001
1.8280000000000e+000 9.7415328595516e-001
1.8300000000000e+000 9.7396674627112e-001
1.8320000000000e+000 9.7379067796945e-001
1.8340000000000e+000 9.7362634301990e-001
1.8360000000000e+000 9.7347498811714e-001
1.8380000000000e+000 9.7333784027515e-001
1.8400000000000e+000 9.7321610246090e-001
1.8420000000000e+000 9.7311094928019e-001
1.8440000000000e+000 9.7302352272826e-001
1.8460000000000e+000 9.7295492801716e-001
1.8480000000000e+000 9.7290622949145e-001
1.8500000000000e+000 9.7287844664345e-001
1.8520000000000e+000 9.7287255023854e-001
1.8540000000000e+000 9.7288945856039e-001
1.8560000000000e+000 9.7293003378582e-001
1.8580000000000e+000 9.7299507849773e-001
1.8600000000000e+000 9.7308533234462e-001
1.8620000000000e+000 9.7320146885417e-001
1.8640000000000e+000 9.7334409240804e-001
1.8660000000000e+000 9.7351373538429e-001
1.8680000000000e+000 9.7371085547340e-001
1.8700000000000e+000 9.7393583317300e-001
1.8720000000000e+000 9.7418896946578e-001
1.8740000000000e+000 9.7447048368493e-001
1.8760000000000e+000 9.7478051157035e-001
1.8780000000000e+000 9.7511910351905e-001
1.8800000000000e+000 9.7548622303218e-001
1.8820000000000e+000 9.7588174536045e-001
1.8840000000000e+000 9.7630545634930e-001
1.8860000000000e+000 9.7675705148428e-001
1.8880000000000e+000 9.7723613513729e-001
1.8900000000000e+000 9.7774222001365e-001
1.8920000000000e+000 9.7827472679996e-001
1.8940000000000e+000 9.7883298401190e-001
1.8960000000000e+000 9.7941622803999e-001
1.8980000000000e+000 9.8002360339082e-001
1.9000000000000e+000 9.8065416312099e-001
1.9020000000000e+000 9.8130686946135e-001
1.9040000000000e+000 9.8198059462939e-001
1.9060000000000e+000 9.8267412182722e-001
1.9080000000000e+000 9.8338614642094e-001
1.9100000000000e+000 9.8411527729584e-001
1.9120000000000e+000 9.8486003838096e-001
1.9140000000000e+000 9.8561887033783e-001
1.9160000000000e+000 9.8639013241023e-001
1.9180000000000e+000 9.8717210443256e-001
1.9200000000000e+000 9.8796298899296e-001
1.9220000000000e+000 9.8876091374313e-001
1.9240000000000e+000 9.8956393384387e-001
1.9260000000000e+000 9.9037003453654e-001
1.9280000000000e+000 9.9117713383643e-001
1.9300000000000e+000 9.9198308534967e-001
1.9320000000000e+000 9.9278568121511e-001
1.9340000000000e+000 9.9358265516452e-001
1.9360000000000e+000 9.9437168568418e-001
1.9380000000000e+000 9.9515039925843e-001
1.9400000000000e+000 9.9591637368666e-001
1.9420000000000e+000 9.9666714148124e-001
1.9440000000000e+000 9.9740019336287e-001
1.9460000000000e+000 9.9811298185946e-001
1.9480000000000e+000 9.9880292499111e-001
1.9500000000000e+000 9.9946741000269e-001
1.9520000000000e+000 1.0001037971091e+000
1.9540000000000e+000 1.0007094232515e+000
1.9560000000000e+000 1.0012816059134e+000
1.9580000000000e+000 1.0018176470598e+000
1.9600000000000e+000 1.0023148372169e+000
1.9620000000000e+000 1.0027704596001e+000
1.9640000000000e+000 1.0031817941491e+000
1.9660000000000e+000 1.0035461214201e+000
1.9680000000000e+000 1.0038607264723e+000
1.9700000000000e+000 1.0041229029818e+000
1.9720000000000e+000 1.0043299576593e+000
1.9740000000000e+000 1.0044792147581e+000
1.9760000000000e+000 1.0045680203348e+000
1.9780000000000e+000 1.0045937461347e+000
1.9800000000000e+000 1.0045537933524e+000
1.9820000000000e+000 1.0044455966844e+000
1.9840000000000e+000 1.0042666288787e+000
1.9860000000000e+000 1.0040144055805e+000
1.9880000000000e+000 1.0036864900306e+000
1.9900000000000e+000 1.0032804972873e+000
1.9920000000000e+000 1.0027940979764e+000
1.9940000000000e+000 1.0022250218716e+000
1.9960000000000e+000 1.0015710616713e+000
1.9980000000000e+000 1.0008300771942e+000
2.0000000000000e+000 1.0000000000000e+000
